distractor,target,set,ans1,ans2,rep_loop4_thisRepN,rep_loop4_thisTrialN,rep_loop4_thisN,rep_loop4_thisIndex,st2_prac_loop_thisRepN,st2_prac_loop_thisTrialN,st2_prac_loop_thisN,st2_prac_loop_thisIndex,st2_main_loop_thisRepN,st2_main_loop_thisTrialN,st2_main_loop_thisN,st2_main_loop_thisIndex,image_4_started,image_4_stopped,sound_2_started,sound_2_stopped,key_resp_3_keys,key_resp_3_rt,image_5_started,image_5_stopped,st_prac_back_started,st_prac_back_stopped,st_prac_text_started,st_prac_text_stopped,st_fix_back_started,st_fix_back_stopped,st_fix_2_started,st_fix_2_stopped,main_prac,st_ans,st_res,st_corr,st_rt,st_back_started,st_back_stopped,st2_resp_keys,st2_resp_corr,st_main_back_started,st_main_back_stopped,st_main_text_started,st_main_text_stopped,mouse_4_x,mouse_4_y,mouse_4_leftButton,mouse_4_midButton,mouse_4_rightButton,mouse_4_started,mouse_4_stopped,text_2_started,text_2_stopped,id_,date,expName,psychopyVersion,frameRate
negative,yellow,1,k,None,NaN,NaN,NaN,NaN,0,0,0,0,NaN,NaN,NaN,NaN,32.2296010998543,None,39.9456802199129,None,space,56.3911842999514,96.3612921000458,None,97.8780817999505,None,97.8780817999505,None,99.8778849998489,None,99.8778849998489,None,prac,None,None,1,1.5055459998548,101.880403100047,None,None,1,NaN,,NaN,,NaN,NaN,NaN,NaN,NaN,NaN,,NaN,NaN,609,2023-11-01_10h21.47.976,Main,2022.1.1,58.9584053972058
positive,red,2,None,None,NaN,NaN,NaN,NaN,0,1,1,1,NaN,NaN,NaN,NaN,NaN,,NaN,,,NaN,NaN,,NaN,,NaN,,NaN,,NaN,,prac,None,None,1,1.49905689992011,104.391651900019,None,None,1,NaN,,NaN,,NaN,NaN,NaN,NaN,NaN,NaN,,NaN,NaN,609,2023-11-01_10h21.47.976,Main,2022.1.1,58.9584053972058
negative,blue,2,None,k,NaN,NaN,NaN,NaN,0,2,2,2,NaN,NaN,NaN,NaN,NaN,,NaN,,,NaN,NaN,,NaN,,NaN,,NaN,,NaN,,prac,k,k,1,1.08009700011462,106.891639800044,None,None,0,NaN,,NaN,,NaN,NaN,NaN,NaN,NaN,NaN,,NaN,NaN,609,2023-11-01_10h21.47.976,Main,2022.1.1,58.9584053972058
positive,yellow,1,None,k,NaN,NaN,NaN,NaN,0,3,3,3,NaN,NaN,NaN,NaN,NaN,,NaN,,,NaN,NaN,,NaN,,NaN,,NaN,,NaN,,prac,k,k,1,0.801615499891341,108.974574699998,None,None,0,NaN,,NaN,,NaN,NaN,NaN,NaN,NaN,NaN,,NaN,NaN,609,2023-11-01_10h21.47.976,Main,2022.1.1,58.9584053972058
negative,blue,2,None,k,NaN,NaN,NaN,NaN,0,4,4,4,NaN,NaN,NaN,NaN,NaN,,NaN,,,NaN,NaN,,NaN,,NaN,,NaN,,NaN,,prac,k,k,1,1.99917039996944,110.777862899937,None,None,0,NaN,,NaN,,NaN,NaN,NaN,NaN,NaN,NaN,,NaN,NaN,609,2023-11-01_10h21.47.976,Main,2022.1.1,58.9584053972058
negative,blue,1,None,k,NaN,NaN,NaN,NaN,0,5,5,5,NaN,NaN,NaN,NaN,NaN,,NaN,,,NaN,NaN,,NaN,,NaN,,NaN,,NaN,,prac,k,k,1,0.888400999829173,114.774886699859,None,None,0,NaN,,NaN,,NaN,NaN,NaN,NaN,NaN,NaN,,NaN,NaN,609,2023-11-01_10h21.47.976,Main,2022.1.1,58.9584053972058
negative,yellow,2,k,None,NaN,NaN,NaN,NaN,0,6,6,6,NaN,NaN,NaN,NaN,NaN,,NaN,,,NaN,NaN,,NaN,,NaN,,NaN,,NaN,,prac,None,None,1,1.49139650003053,116.670551100047,None,None,1,NaN,,NaN,,NaN,NaN,NaN,NaN,NaN,NaN,,NaN,NaN,609,2023-11-01_10h21.47.976,Main,2022.1.1,58.9584053972058
negative,red,1,None,None,NaN,NaN,NaN,NaN,0,7,7,7,NaN,NaN,NaN,NaN,NaN,,NaN,,,NaN,NaN,,NaN,,NaN,,NaN,,NaN,,prac,None,None,1,1.50234839995392,119.157744599972,None,None,1,NaN,,NaN,,NaN,NaN,NaN,NaN,NaN,NaN,,NaN,NaN,609,2023-11-01_10h21.47.976,Main,2022.1.1,58.9584053972058
positive,yellow,2,None,k,NaN,NaN,NaN,NaN,0,8,8,8,NaN,NaN,NaN,NaN,NaN,,NaN,,,NaN,NaN,,NaN,,NaN,,NaN,,NaN,,prac,k,k,1,0.699504700023681,121.660898600006,None,None,0,NaN,,NaN,,NaN,NaN,NaN,NaN,NaN,NaN,,NaN,NaN,609,2023-11-01_10h21.47.976,Main,2022.1.1,58.9584053972058
negative,yellow,1,k,None,NaN,NaN,NaN,NaN,0,9,9,9,NaN,NaN,NaN,NaN,NaN,,NaN,,,NaN,NaN,,NaN,,NaN,,NaN,,NaN,,prac,None,None,1,1.49881300004199,123.358017999912,None,None,1,NaN,,NaN,,NaN,NaN,NaN,NaN,NaN,NaN,,NaN,NaN,609,2023-11-01_10h21.47.976,Main,2022.1.1,58.9584053972058
positive,yellow,2,None,k,NaN,NaN,NaN,NaN,0,10,10,10,NaN,NaN,NaN,NaN,NaN,,NaN,,,NaN,NaN,,NaN,,NaN,,NaN,,NaN,,prac,k,k,1,0.730846400139853,125.860775699839,None,None,0,NaN,,NaN,,NaN,NaN,NaN,NaN,NaN,NaN,,NaN,NaN,609,2023-11-01_10h21.47.976,Main,2022.1.1,58.9584053972058
negative,yellow,2,k,None,NaN,NaN,NaN,NaN,0,11,11,11,NaN,NaN,NaN,NaN,NaN,,NaN,,,NaN,NaN,,NaN,,NaN,,NaN,,NaN,,prac,None,None,1,1.50151610001922,127.594009199878,None,None,1,NaN,,NaN,,NaN,NaN,NaN,NaN,NaN,NaN,,NaN,NaN,609,2023-11-01_10h21.47.976,Main,2022.1.1,58.9584053972058
negative,red,2,None,None,NaN,NaN,NaN,NaN,0,12,12,12,NaN,NaN,NaN,NaN,NaN,,NaN,,,NaN,NaN,,NaN,,NaN,,NaN,,NaN,,prac,None,None,1,1.49614709988236,130.091117199976,None,None,1,NaN,,NaN,,NaN,NaN,NaN,NaN,NaN,NaN,,NaN,NaN,609,2023-11-01_10h21.47.976,Main,2022.1.1,58.9584053972058
positive,red,1,None,None,NaN,NaN,NaN,NaN,0,13,13,13,NaN,NaN,NaN,NaN,NaN,,NaN,,,NaN,NaN,,NaN,,NaN,,NaN,,NaN,,prac,None,None,1,1.49888820014894,132.591067999834,None,None,1,NaN,,NaN,,NaN,NaN,NaN,NaN,NaN,NaN,,NaN,NaN,609,2023-11-01_10h21.47.976,Main,2022.1.1,58.9584053972058
positive,blue,2,k,None,NaN,NaN,NaN,NaN,0,14,14,14,NaN,NaN,NaN,NaN,NaN,,NaN,,,NaN,NaN,,NaN,,NaN,,NaN,,NaN,,prac,None,k,0,0.798632000107318,135.091020700056,None,None,1,NaN,,NaN,,NaN,NaN,NaN,NaN,NaN,NaN,,NaN,NaN,609,2023-11-01_10h21.47.976,Main,2022.1.1,58.9584053972058
positive,blue,1,k,None,NaN,NaN,NaN,NaN,0,15,15,15,NaN,NaN,NaN,NaN,NaN,,NaN,,,NaN,NaN,,NaN,,NaN,,NaN,,NaN,,prac,None,None,1,1.49796420009807,137.891023699893,None,None,1,NaN,,NaN,,NaN,NaN,NaN,NaN,NaN,NaN,,NaN,NaN,609,2023-11-01_10h21.47.976,Main,2022.1.1,58.9584053972058
negative,blue,1,None,k,NaN,NaN,NaN,NaN,0,16,16,16,NaN,NaN,NaN,NaN,NaN,,NaN,,,NaN,NaN,,NaN,,NaN,,NaN,,NaN,,prac,k,k,1,0.718754300149158,140.390623499872,None,None,0,NaN,,NaN,,NaN,NaN,NaN,NaN,NaN,NaN,,NaN,NaN,609,2023-11-01_10h21.47.976,Main,2022.1.1,58.9584053972058
positive,blue,2,k,None,NaN,NaN,NaN,NaN,0,17,17,17,NaN,NaN,NaN,NaN,NaN,,NaN,,,NaN,NaN,,NaN,,NaN,,NaN,,NaN,,prac,None,None,1,1.49625019985251,142.11048849998,None,None,1,NaN,,NaN,,NaN,NaN,NaN,NaN,NaN,NaN,,NaN,NaN,609,2023-11-01_10h21.47.976,Main,2022.1.1,58.9584053972058
positive,blue,1,k,None,NaN,NaN,NaN,NaN,0,18,18,18,NaN,NaN,NaN,NaN,NaN,,NaN,,,NaN,NaN,,NaN,,NaN,,NaN,,NaN,,prac,None,None,1,1.50178390019573,144.610416800017,None,None,1,NaN,,NaN,,NaN,NaN,NaN,NaN,NaN,NaN,,NaN,NaN,609,2023-11-01_10h21.47.976,Main,2022.1.1,58.9584053972058
positive,yellow,1,None,k,NaN,NaN,NaN,NaN,0,19,19,19,NaN,NaN,NaN,NaN,NaN,,NaN,,,NaN,NaN,,NaN,,NaN,,NaN,,NaN,,prac,k,k,1,0.763205799972638,147.10748529993,None,None,0,NaN,,NaN,,NaN,NaN,NaN,NaN,NaN,NaN,,NaN,NaN,609,2023-11-01_10h21.47.976,Main,2022.1.1,58.9584053972058
negative,yellow,1,k,None,NaN,NaN,NaN,NaN,1,0,20,0,NaN,NaN,NaN,NaN,NaN,,NaN,,,NaN,NaN,,NaN,,NaN,,NaN,,NaN,,prac,None,None,1,1.50142240012065,148.874016399961,None,None,1,NaN,,NaN,,NaN,NaN,NaN,NaN,NaN,NaN,,NaN,NaN,609,2023-11-01_10h21.47.976,Main,2022.1.1,58.9584053972058
positive,red,2,None,None,NaN,NaN,NaN,NaN,1,1,21,1,NaN,NaN,NaN,NaN,NaN,,NaN,,,NaN,NaN,,NaN,,NaN,,NaN,,NaN,,prac,None,None,1,1.49912360007875,151.373974599876,None,None,1,NaN,,NaN,,NaN,NaN,NaN,NaN,NaN,NaN,,NaN,NaN,609,2023-11-01_10h21.47.976,Main,2022.1.1,58.9584053972058
negative,blue,2,None,k,NaN,NaN,NaN,NaN,1,2,22,2,NaN,NaN,NaN,NaN,NaN,,NaN,,,NaN,NaN,,NaN,,NaN,,NaN,,NaN,,prac,k,k,1,0.829975799890235,153.87395379995,None,None,0,NaN,,NaN,,NaN,NaN,NaN,NaN,NaN,NaN,,NaN,NaN,609,2023-11-01_10h21.47.976,Main,2022.1.1,58.9584053972058
positive,yellow,1,None,k,NaN,NaN,NaN,NaN,1,3,23,3,NaN,NaN,NaN,NaN,NaN,,NaN,,,NaN,NaN,,NaN,,NaN,,NaN,,NaN,,prac,k,k,1,0.899136999854818,155.707259099931,None,None,0,NaN,,NaN,,NaN,NaN,NaN,NaN,NaN,NaN,,NaN,NaN,609,2023-11-01_10h21.47.976,Main,2022.1.1,58.9584053972058
negative,blue,2,None,k,NaN,NaN,NaN,NaN,1,4,24,4,NaN,NaN,NaN,NaN,NaN,,NaN,,,NaN,NaN,,NaN,,NaN,,NaN,,NaN,,prac,k,k,1,0.948937699897215,157.607405700022,None,None,0,NaN,,NaN,,NaN,NaN,NaN,NaN,NaN,NaN,,NaN,NaN,609,2023-11-01_10h21.47.976,Main,2022.1.1,58.9584053972058
negative,blue,1,None,k,NaN,NaN,NaN,NaN,1,5,25,5,NaN,NaN,NaN,NaN,NaN,,NaN,,,NaN,NaN,,NaN,,NaN,,NaN,,NaN,,prac,k,k,1,0.78234039992094,159.56006249995,None,None,0,NaN,,NaN,,NaN,NaN,NaN,NaN,NaN,NaN,,NaN,NaN,609,2023-11-01_10h21.47.976,Main,2022.1.1,58.9584053972058
negative,yellow,2,k,None,NaN,NaN,NaN,NaN,1,6,26,6,NaN,NaN,NaN,NaN,NaN,,NaN,,,NaN,NaN,,NaN,,NaN,,NaN,,NaN,,prac,None,None,1,1.50211199978366,161.340183299966,None,None,1,NaN,,NaN,,NaN,NaN,NaN,NaN,NaN,NaN,,NaN,NaN,609,2023-11-01_10h21.47.976,Main,2022.1.1,58.9584053972058
negative,red,1,None,None,NaN,NaN,NaN,NaN,1,7,27,7,NaN,NaN,NaN,NaN,NaN,,NaN,,,NaN,NaN,,NaN,,NaN,,NaN,,NaN,,prac,None,None,1,1.49916930007748,163.843392699957,None,None,1,NaN,,NaN,,NaN,NaN,NaN,NaN,NaN,NaN,,NaN,NaN,609,2023-11-01_10h21.47.976,Main,2022.1.1,58.9584053972058
positive,yellow,2,None,k,NaN,NaN,NaN,NaN,1,8,28,8,NaN,NaN,NaN,NaN,NaN,,NaN,,,NaN,NaN,,NaN,,NaN,,NaN,,NaN,,prac,k,k,1,0.699251899961382,166.343323800014,None,None,0,NaN,,NaN,,NaN,NaN,NaN,NaN,NaN,NaN,,NaN,NaN,609,2023-11-01_10h21.47.976,Main,2022.1.1,58.9584053972058
negative,yellow,1,k,None,NaN,NaN,NaN,NaN,1,9,29,9,NaN,NaN,NaN,NaN,NaN,,NaN,,,NaN,NaN,,NaN,,NaN,,NaN,,NaN,,prac,None,None,1,1.49595850007609,168.043340299977,None,None,1,NaN,,NaN,,NaN,NaN,NaN,NaN,NaN,NaN,,NaN,NaN,609,2023-11-01_10h21.47.976,Main,2022.1.1,58.9584053972058
positive,yellow,2,None,k,NaN,NaN,NaN,NaN,1,10,30,10,NaN,NaN,NaN,NaN,NaN,,NaN,,,NaN,NaN,,NaN,,NaN,,NaN,,NaN,,prac,k,k,1,0.69899889989756,170.540250699967,None,None,0,NaN,,NaN,,NaN,NaN,NaN,NaN,NaN,NaN,,NaN,NaN,609,2023-11-01_10h21.47.976,Main,2022.1.1,58.9584053972058
negative,yellow,2,k,None,NaN,NaN,NaN,NaN,1,11,31,11,NaN,NaN,NaN,NaN,NaN,,NaN,,,NaN,NaN,,NaN,,NaN,,NaN,,NaN,,prac,None,None,1,1.50180860003456,172.240101599833,None,None,1,NaN,,NaN,,NaN,NaN,NaN,NaN,NaN,NaN,,NaN,NaN,609,2023-11-01_10h21.47.976,Main,2022.1.1,58.9584053972058
negative,red,2,None,None,NaN,NaN,NaN,NaN,1,12,32,12,NaN,NaN,NaN,NaN,NaN,,NaN,,,NaN,NaN,,NaN,,NaN,,NaN,,NaN,,prac,None,None,1,1.49900309997611,174.742968200007,None,None,1,NaN,,NaN,,NaN,NaN,NaN,NaN,NaN,NaN,,NaN,NaN,609,2023-11-01_10h21.47.976,Main,2022.1.1,58.9584053972058
positive,red,1,None,None,NaN,NaN,NaN,NaN,1,13,33,13,NaN,NaN,NaN,NaN,NaN,,NaN,,,NaN,NaN,,NaN,,NaN,,NaN,,NaN,,prac,None,None,1,1.49932110006921,177.240160800051,None,None,1,NaN,,NaN,,NaN,NaN,NaN,NaN,NaN,NaN,,NaN,NaN,609,2023-11-01_10h21.47.976,Main,2022.1.1,58.9584053972058
positive,blue,2,k,None,NaN,NaN,NaN,NaN,1,14,34,14,NaN,NaN,NaN,NaN,NaN,,NaN,,,NaN,NaN,,NaN,,NaN,,NaN,,NaN,,prac,None,None,1,1.49611649988219,179.740133999847,None,None,1,NaN,,NaN,,NaN,NaN,NaN,NaN,NaN,NaN,,NaN,NaN,609,2023-11-01_10h21.47.976,Main,2022.1.1,58.9584053972058
positive,blue,1,k,None,NaN,NaN,NaN,NaN,1,15,35,15,NaN,NaN,NaN,NaN,NaN,,NaN,,,NaN,NaN,,NaN,,NaN,,NaN,,NaN,,prac,None,None,1,1.50243130000308,182.239755299874,None,None,1,NaN,,NaN,,NaN,NaN,NaN,NaN,NaN,NaN,,NaN,NaN,609,2023-11-01_10h21.47.976,Main,2022.1.1,58.9584053972058
negative,blue,1,None,k,NaN,NaN,NaN,NaN,1,16,36,16,NaN,NaN,NaN,NaN,NaN,,NaN,,,NaN,NaN,,NaN,,NaN,,NaN,,NaN,,prac,k,k,1,0.699192699976265,184.743087999988,None,None,0,NaN,,NaN,,NaN,NaN,NaN,NaN,NaN,NaN,,NaN,NaN,609,2023-11-01_10h21.47.976,Main,2022.1.1,58.9584053972058
positive,blue,2,k,None,NaN,NaN,NaN,NaN,1,17,37,17,NaN,NaN,NaN,NaN,NaN,,NaN,,,NaN,NaN,,NaN,,NaN,,NaN,,NaN,,prac,None,None,1,1.49883529986255,186.442893699976,None,None,1,NaN,,NaN,,NaN,NaN,NaN,NaN,NaN,NaN,,NaN,NaN,609,2023-11-01_10h21.47.976,Main,2022.1.1,58.9584053972058
positive,blue,1,k,None,NaN,NaN,NaN,NaN,1,18,38,18,NaN,NaN,NaN,NaN,NaN,,NaN,,,NaN,NaN,,NaN,,NaN,,NaN,,NaN,,prac,None,None,1,1.49587329989299,188.942911899881,None,None,1,NaN,,NaN,,NaN,NaN,NaN,NaN,NaN,NaN,,NaN,NaN,609,2023-11-01_10h21.47.976,Main,2022.1.1,58.9584053972058
positive,yellow,1,None,k,NaN,NaN,NaN,NaN,1,19,39,19,NaN,NaN,NaN,NaN,NaN,,NaN,,,NaN,NaN,,NaN,,NaN,,NaN,,NaN,,prac,k,k,1,0.845997799886391,191.439590099966,None,None,0,NaN,,NaN,,NaN,NaN,NaN,NaN,NaN,NaN,,NaN,NaN,609,2023-11-01_10h21.47.976,Main,2022.1.1,58.9584053972058
,,NaN,,,NaN,NaN,NaN,NaN,NaN,NaN,NaN,NaN,NaN,NaN,NaN,NaN,NaN,,NaN,,,NaN,NaN,,NaN,,NaN,,NaN,,NaN,,,,,NaN,NaN,NaN,,,NaN,193.279865500052,None,193.279865500052,None,0.0055555557,-0.009259259,0,0,0,0.0142921200022101,None,NaN,NaN,609,2023-11-01_10h21.47.976,Main,2022.1.1,58.9584053972058
negative,yellow,2,k,None,NaN,NaN,NaN,NaN,NaN,NaN,NaN,NaN,0,0,0,0,NaN,,NaN,,,NaN,NaN,,NaN,,NaN,,204.925893099979,None,204.925893099979,None,main,None,None,1,1.49623679998331,206.951301999856,None,None,1,NaN,,NaN,,NaN,NaN,NaN,NaN,NaN,NaN,,NaN,NaN,609,2023-11-01_10h21.47.976,Main,2022.1.1,58.9584053972058
positive,red,1,None,None,NaN,NaN,NaN,NaN,NaN,NaN,NaN,NaN,0,1,1,1,NaN,,NaN,,,NaN,NaN,,NaN,,NaN,,NaN,,NaN,,main,None,None,1,1.50193529995158,209.456106500002,None,None,1,NaN,,NaN,,NaN,NaN,NaN,NaN,NaN,NaN,,NaN,NaN,609,2023-11-01_10h21.47.976,Main,2022.1.1,58.9584053972058
positive,blue,2,k,None,NaN,NaN,NaN,NaN,NaN,NaN,NaN,NaN,0,2,2,2,NaN,,NaN,,,NaN,NaN,,NaN,,NaN,,NaN,,NaN,,main,None,None,1,1.49894510000013,211.956113599939,None,None,1,NaN,,NaN,,NaN,NaN,NaN,NaN,NaN,NaN,,NaN,NaN,609,2023-11-01_10h21.47.976,Main,2022.1.1,58.9584053972058
positive,blue,1,k,None,NaN,NaN,NaN,NaN,NaN,NaN,NaN,NaN,0,3,3,3,NaN,,NaN,,,NaN,NaN,,NaN,,NaN,,NaN,,NaN,,main,None,None,1,1.49915420007892,214.456065000035,None,None,1,NaN,,NaN,,NaN,NaN,NaN,NaN,NaN,NaN,,NaN,NaN,609,2023-11-01_10h21.47.976,Main,2022.1.1,58.9584053972058
negative,yellow,2,k,None,NaN,NaN,NaN,NaN,NaN,NaN,NaN,NaN,0,4,4,4,NaN,,NaN,,,NaN,NaN,,NaN,,NaN,,NaN,,NaN,,main,None,None,1,1.49585959990509,216.956034899922,None,None,1,NaN,,NaN,,NaN,NaN,NaN,NaN,NaN,NaN,,NaN,NaN,609,2023-11-01_10h21.47.976,Main,2022.1.1,58.9584053972058
positive,yellow,2,None,k,NaN,NaN,NaN,NaN,NaN,NaN,NaN,NaN,0,5,5,5,NaN,,NaN,,,NaN,NaN,,NaN,,NaN,,NaN,,NaN,,main,k,k,1,0.699485399993137,219.455645099981,None,None,0,NaN,,NaN,,NaN,NaN,NaN,NaN,NaN,NaN,,NaN,NaN,609,2023-11-01_10h21.47.976,Main,2022.1.1,58.9584053972058
negative,blue,2,None,k,NaN,NaN,NaN,NaN,NaN,NaN,NaN,NaN,0,6,6,6,NaN,,NaN,,,NaN,NaN,,NaN,,NaN,,NaN,,NaN,,main,k,k,1,0.7825337999966,221.155663399957,None,None,0,NaN,,NaN,,NaN,NaN,NaN,NaN,NaN,NaN,,NaN,NaN,609,2023-11-01_10h21.47.976,Main,2022.1.1,58.9584053972058
positive,red,2,None,None,NaN,NaN,NaN,NaN,NaN,NaN,NaN,NaN,0,7,7,7,NaN,,NaN,,,NaN,NaN,,NaN,,NaN,,NaN,,NaN,,main,None,None,1,1.50217109988444,222.93899039994,None,None,1,NaN,,NaN,,NaN,NaN,NaN,NaN,NaN,NaN,,NaN,NaN,609,2023-11-01_10h21.47.976,Main,2022.1.1,58.9584053972058
positive,yellow,1,None,k,NaN,NaN,NaN,NaN,NaN,NaN,NaN,NaN,0,8,8,8,NaN,,NaN,,,NaN,NaN,,NaN,,NaN,,NaN,,NaN,,main,k,k,1,0.616084800101817,225.442075799918,None,None,0,NaN,,NaN,,NaN,NaN,NaN,NaN,NaN,NaN,,NaN,NaN,609,2023-11-01_10h21.47.976,Main,2022.1.1,58.9584053972058
negative,red,1,None,None,NaN,NaN,NaN,NaN,NaN,NaN,NaN,NaN,0,9,9,9,NaN,,NaN,,,NaN,NaN,,NaN,,NaN,,NaN,,NaN,,main,None,None,1,1.50306350016035,227.058778899955,None,None,1,NaN,,NaN,,NaN,NaN,NaN,NaN,NaN,NaN,,NaN,NaN,609,2023-11-01_10h21.47.976,Main,2022.1.1,58.9584053972058
positive,yellow,1,None,k,NaN,NaN,NaN,NaN,NaN,NaN,NaN,NaN,0,10,10,10,NaN,,NaN,,,NaN,NaN,,NaN,,NaN,,NaN,,NaN,,main,k,k,1,0.808866600040346,229.561076299986,None,None,0,NaN,,NaN,,NaN,NaN,NaN,NaN,NaN,NaN,,NaN,NaN,609,2023-11-01_10h21.47.976,Main,2022.1.1,58.9584053972058
negative,yellow,1,k,None,NaN,NaN,NaN,NaN,NaN,NaN,NaN,NaN,0,11,11,11,NaN,,NaN,,,NaN,NaN,,NaN,,NaN,,NaN,,NaN,,main,None,None,1,1.50172649999149,231.375166599872,None,None,1,NaN,,NaN,,NaN,NaN,NaN,NaN,NaN,NaN,,NaN,NaN,609,2023-11-01_10h21.47.976,Main,2022.1.1,58.9584053972058
negative,yellow,1,k,None,NaN,NaN,NaN,NaN,NaN,NaN,NaN,NaN,0,12,12,12,NaN,,NaN,,,NaN,NaN,,NaN,,NaN,,NaN,,NaN,,main,None,None,1,1.49904990009964,233.875090099871,None,None,1,NaN,,NaN,,NaN,NaN,NaN,NaN,NaN,NaN,,NaN,NaN,609,2023-11-01_10h21.47.976,Main,2022.1.1,58.9584053972058
negative,red,2,None,None,NaN,NaN,NaN,NaN,NaN,NaN,NaN,NaN,0,13,13,13,NaN,,NaN,,,NaN,NaN,,NaN,,NaN,,NaN,,NaN,,main,None,None,1,1.49914050009102,236.372293799883,None,None,1,NaN,,NaN,,NaN,NaN,NaN,NaN,NaN,NaN,,NaN,NaN,609,2023-11-01_10h21.47.976,Main,2022.1.1,58.9584053972058
positive,yellow,2,None,k,NaN,NaN,NaN,NaN,NaN,NaN,NaN,NaN,0,14,14,14,NaN,,NaN,,,NaN,NaN,,NaN,,NaN,,NaN,,NaN,,main,k,k,1,0.613329700194299,238.87224940001,None,None,0,NaN,,NaN,,NaN,NaN,NaN,NaN,NaN,NaN,,NaN,NaN,609,2023-11-01_10h21.47.976,Main,2022.1.1,58.9584053972058
positive,blue,1,k,None,NaN,NaN,NaN,NaN,NaN,NaN,NaN,NaN,0,15,15,15,NaN,,NaN,,,NaN,NaN,,NaN,,NaN,,NaN,,NaN,,main,None,None,1,1.49815370002761,240.488861700054,None,None,1,NaN,,NaN,,NaN,NaN,NaN,NaN,NaN,NaN,,NaN,NaN,609,2023-11-01_10h21.47.976,Main,2022.1.1,58.9584053972058
negative,blue,1,None,k,NaN,NaN,NaN,NaN,NaN,NaN,NaN,NaN,0,16,16,16,NaN,,NaN,,,NaN,NaN,,NaN,,NaN,,NaN,,NaN,,main,k,k,1,0.749534499831498,242.988504600013,None,None,0,NaN,,NaN,,NaN,NaN,NaN,NaN,NaN,NaN,,NaN,NaN,609,2023-11-01_10h21.47.976,Main,2022.1.1,58.9584053972058
positive,blue,2,k,None,NaN,NaN,NaN,NaN,NaN,NaN,NaN,NaN,0,17,17,17,NaN,,NaN,,,NaN,NaN,,NaN,,NaN,,NaN,,NaN,,main,None,None,1,1.50236069993116,244.73855709983,None,None,1,NaN,,NaN,,NaN,NaN,NaN,NaN,NaN,NaN,,NaN,NaN,609,2023-11-01_10h21.47.976,Main,2022.1.1,58.9584053972058
negative,blue,2,None,k,NaN,NaN,NaN,NaN,NaN,NaN,NaN,NaN,0,18,18,18,NaN,,NaN,,,NaN,NaN,,NaN,,NaN,,NaN,,NaN,,main,k,k,1,0.64892840012908,247.241651199991,None,None,0,NaN,,NaN,,NaN,NaN,NaN,NaN,NaN,NaN,,NaN,NaN,609,2023-11-01_10h21.47.976,Main,2022.1.1,58.9584053972058
negative,blue,1,None,k,NaN,NaN,NaN,NaN,NaN,NaN,NaN,NaN,0,19,19,19,NaN,,NaN,,,NaN,NaN,,NaN,,NaN,,NaN,,NaN,,main,k,k,1,0.829671100014821,248.891600199975,None,None,0,NaN,,NaN,,NaN,NaN,NaN,NaN,NaN,NaN,,NaN,NaN,609,2023-11-01_10h21.47.976,Main,2022.1.1,58.9584053972058
negative,blue,1,None,k,NaN,NaN,NaN,NaN,NaN,NaN,NaN,NaN,0,20,20,20,NaN,,NaN,,,NaN,NaN,,NaN,,NaN,,NaN,,NaN,,main,k,k,1,0.648868700023741,250.724896,None,None,0,NaN,,NaN,,NaN,NaN,NaN,NaN,NaN,NaN,,NaN,NaN,609,2023-11-01_10h21.47.976,Main,2022.1.1,58.9584053972058
negative,blue,2,None,k,NaN,NaN,NaN,NaN,NaN,NaN,NaN,NaN,0,21,21,21,NaN,,NaN,,,NaN,NaN,,NaN,,NaN,,NaN,,NaN,,main,k,k,1,1.23557869996876,252.371683900012,None,None,0,NaN,,NaN,,NaN,NaN,NaN,NaN,NaN,NaN,,NaN,NaN,609,2023-11-01_10h21.47.976,Main,2022.1.1,58.9584053972058
negative,red,1,None,None,NaN,NaN,NaN,NaN,NaN,NaN,NaN,NaN,0,22,22,22,NaN,,NaN,,,NaN,NaN,,NaN,,NaN,,NaN,,NaN,,main,None,None,1,1.49898779997602,254.605354300002,None,None,1,NaN,,NaN,,NaN,NaN,NaN,NaN,NaN,NaN,,NaN,NaN,609,2023-11-01_10h21.47.976,Main,2022.1.1,58.9584053972058
positive,red,2,None,None,NaN,NaN,NaN,NaN,NaN,NaN,NaN,NaN,0,23,23,23,NaN,,NaN,,,NaN,NaN,,NaN,,NaN,,NaN,,NaN,,main,None,None,1,1.49914529989474,257.105258299969,None,None,1,NaN,,NaN,,NaN,NaN,NaN,NaN,NaN,NaN,,NaN,NaN,609,2023-11-01_10h21.47.976,Main,2022.1.1,58.9584053972058
negative,red,2,None,None,NaN,NaN,NaN,NaN,NaN,NaN,NaN,NaN,0,24,24,24,NaN,,NaN,,,NaN,NaN,,NaN,,NaN,,NaN,,NaN,,main,None,None,1,1.49881430016831,259.605230799876,None,None,1,NaN,,NaN,,NaN,NaN,NaN,NaN,NaN,NaN,,NaN,NaN,609,2023-11-01_10h21.47.976,Main,2022.1.1,58.9584053972058
positive,blue,2,k,None,NaN,NaN,NaN,NaN,NaN,NaN,NaN,NaN,0,25,25,25,NaN,,NaN,,,NaN,NaN,,NaN,,NaN,,NaN,,NaN,,main,None,None,1,1.4991929999087,262.105059499852,None,None,1,NaN,,NaN,,NaN,NaN,NaN,NaN,NaN,NaN,,NaN,NaN,609,2023-11-01_10h21.47.976,Main,2022.1.1,58.9584053972058
negative,yellow,1,k,None,NaN,NaN,NaN,NaN,NaN,NaN,NaN,NaN,0,26,26,26,NaN,,NaN,,,NaN,NaN,,NaN,,NaN,,NaN,,NaN,,main,None,None,1,1.49900509999134,264.608003099915,None,None,1,NaN,,NaN,,NaN,NaN,NaN,NaN,NaN,NaN,,NaN,NaN,609,2023-11-01_10h21.47.976,Main,2022.1.1,58.9584053972058
positive,blue,2,k,None,NaN,NaN,NaN,NaN,NaN,NaN,NaN,NaN,0,27,27,27,NaN,,NaN,,,NaN,NaN,,NaN,,NaN,,NaN,,NaN,,main,None,None,1,1.49918919987977,267.104984299978,None,None,1,NaN,,NaN,,NaN,NaN,NaN,NaN,NaN,NaN,,NaN,NaN,609,2023-11-01_10h21.47.976,Main,2022.1.1,58.9584053972058
negative,blue,2,None,k,NaN,NaN,NaN,NaN,NaN,NaN,NaN,NaN,0,28,28,28,NaN,,NaN,,,NaN,NaN,,NaN,,NaN,,NaN,,NaN,,main,k,k,1,0.613234500167891,269.604934599949,None,None,0,NaN,,NaN,,NaN,NaN,NaN,NaN,NaN,NaN,,NaN,NaN,609,2023-11-01_10h21.47.976,Main,2022.1.1,58.9584053972058
positive,red,1,None,None,NaN,NaN,NaN,NaN,NaN,NaN,NaN,NaN,0,29,29,29,NaN,,NaN,,,NaN,NaN,,NaN,,NaN,,NaN,,NaN,,main,None,None,1,1.49829520005733,271.224536699941,None,None,1,NaN,,NaN,,NaN,NaN,NaN,NaN,NaN,NaN,,NaN,NaN,609,2023-11-01_10h21.47.976,Main,2022.1.1,58.9584053972058
positive,blue,1,k,None,NaN,NaN,NaN,NaN,NaN,NaN,NaN,NaN,0,30,30,30,NaN,,NaN,,,NaN,NaN,,NaN,,NaN,,NaN,,NaN,,main,None,None,1,1.50245220004581,273.721216100035,None,None,1,NaN,,NaN,,NaN,NaN,NaN,NaN,NaN,NaN,,NaN,NaN,609,2023-11-01_10h21.47.976,Main,2022.1.1,58.9584053972058
positive,yellow,1,None,k,NaN,NaN,NaN,NaN,NaN,NaN,NaN,NaN,0,31,31,31,NaN,,NaN,,,NaN,NaN,,NaN,,NaN,,NaN,,NaN,,main,k,k,1,0.665903200162575,276.224467099877,None,None,0,NaN,,NaN,,NaN,NaN,NaN,NaN,NaN,NaN,,NaN,NaN,609,2023-11-01_10h21.47.976,Main,2022.1.1,58.9584053972058
negative,yellow,2,k,None,NaN,NaN,NaN,NaN,NaN,NaN,NaN,NaN,0,32,32,32,NaN,,NaN,,,NaN,NaN,,NaN,,NaN,,NaN,,NaN,,main,None,None,1,1.49899409990758,277.89103249996,None,None,1,NaN,,NaN,,NaN,NaN,NaN,NaN,NaN,NaN,,NaN,NaN,609,2023-11-01_10h21.47.976,Main,2022.1.1,58.9584053972058
negative,blue,1,None,k,NaN,NaN,NaN,NaN,NaN,NaN,NaN,NaN,0,33,33,33,NaN,,NaN,,,NaN,NaN,,NaN,,NaN,,NaN,,NaN,,main,k,k,1,0.697332700015977,280.391024600016,None,None,0,NaN,,NaN,,NaN,NaN,NaN,NaN,NaN,NaN,,NaN,NaN,609,2023-11-01_10h21.47.976,Main,2022.1.1,58.9584053972058
positive,blue,1,k,None,NaN,NaN,NaN,NaN,NaN,NaN,NaN,NaN,0,34,34,34,NaN,,NaN,,,NaN,NaN,,NaN,,NaN,,NaN,,NaN,,main,None,None,1,1.50160910002887,282.087958500022,None,None,1,NaN,,NaN,,NaN,NaN,NaN,NaN,NaN,NaN,,NaN,NaN,609,2023-11-01_10h21.47.976,Main,2022.1.1,58.9584053972058
negative,yellow,1,k,None,NaN,NaN,NaN,NaN,NaN,NaN,NaN,NaN,0,35,35,35,NaN,,NaN,,,NaN,NaN,,NaN,,NaN,,NaN,,NaN,,main,None,None,1,1.49941060016863,284.587944899919,None,None,1,NaN,,NaN,,NaN,NaN,NaN,NaN,NaN,NaN,,NaN,NaN,609,2023-11-01_10h21.47.976,Main,2022.1.1,58.9584053972058
positive,yellow,2,None,k,NaN,NaN,NaN,NaN,NaN,NaN,NaN,NaN,0,36,36,36,NaN,,NaN,,,NaN,NaN,,NaN,,NaN,,NaN,,NaN,,main,k,k,1,0.629090999951586,287.090791999828,None,None,0,NaN,,NaN,,NaN,NaN,NaN,NaN,NaN,NaN,,NaN,NaN,609,2023-11-01_10h21.47.976,Main,2022.1.1,58.9584053972058
positive,yellow,2,None,k,NaN,NaN,NaN,NaN,NaN,NaN,NaN,NaN,0,37,37,37,NaN,,NaN,,,NaN,NaN,,NaN,,NaN,,NaN,,NaN,,main,k,k,1,0.56556549994275,288.72120699985,None,None,0,NaN,,NaN,,NaN,NaN,NaN,NaN,NaN,NaN,,NaN,NaN,609,2023-11-01_10h21.47.976,Main,2022.1.1,58.9584053972058
negative,yellow,2,k,None,NaN,NaN,NaN,NaN,NaN,NaN,NaN,NaN,0,38,38,38,NaN,,NaN,,,NaN,NaN,,NaN,,NaN,,NaN,,NaN,,main,None,None,1,1.50174420000985,290.290653300006,None,None,1,NaN,,NaN,,NaN,NaN,NaN,NaN,NaN,NaN,,NaN,NaN,609,2023-11-01_10h21.47.976,Main,2022.1.1,58.9584053972058
positive,yellow,1,None,k,NaN,NaN,NaN,NaN,NaN,NaN,NaN,NaN,0,39,39,39,NaN,,NaN,,,NaN,NaN,,NaN,,NaN,,NaN,,NaN,,main,k,k,1,1.26302059995942,292.787811100017,None,None,0,NaN,,NaN,,NaN,NaN,NaN,NaN,NaN,NaN,,NaN,NaN,609,2023-11-01_10h21.47.976,Main,2022.1.1,58.9584053972058
negative,yellow,2,k,None,NaN,NaN,NaN,NaN,NaN,NaN,NaN,NaN,0,40,40,40,NaN,,NaN,,,NaN,NaN,,NaN,,NaN,,NaN,,NaN,,main,None,None,1,1.50215479987673,295.054206299828,None,None,1,NaN,,NaN,,NaN,NaN,NaN,NaN,NaN,NaN,,NaN,NaN,609,2023-11-01_10h21.47.976,Main,2022.1.1,58.9584053972058
positive,blue,2,k,None,NaN,NaN,NaN,NaN,NaN,NaN,NaN,NaN,0,41,41,41,NaN,,NaN,,,NaN,NaN,,NaN,,NaN,,NaN,,NaN,,main,None,None,1,1.49871790013276,297.55450009997,None,None,1,NaN,,NaN,,NaN,NaN,NaN,NaN,NaN,NaN,,NaN,NaN,609,2023-11-01_10h21.47.976,Main,2022.1.1,58.9584053972058
positive,blue,2,k,None,NaN,NaN,NaN,NaN,NaN,NaN,NaN,NaN,0,42,42,42,NaN,,NaN,,,NaN,NaN,,NaN,,NaN,,NaN,,NaN,,main,None,None,1,1.49917650013231,300.057234899839,None,None,1,NaN,,NaN,,NaN,NaN,NaN,NaN,NaN,NaN,,NaN,NaN,609,2023-11-01_10h21.47.976,Main,2022.1.1,58.9584053972058
negative,blue,2,None,k,NaN,NaN,NaN,NaN,NaN,NaN,NaN,NaN,0,43,43,43,NaN,,NaN,,,NaN,NaN,,NaN,,NaN,,NaN,,NaN,,main,k,k,1,0.679923399817199,302.554202300031,None,None,0,NaN,,NaN,,NaN,NaN,NaN,NaN,NaN,NaN,,NaN,NaN,609,2023-11-01_10h21.47.976,Main,2022.1.1,58.9584053972058
negative,red,1,None,None,NaN,NaN,NaN,NaN,NaN,NaN,NaN,NaN,0,44,44,44,NaN,,NaN,,,NaN,NaN,,NaN,,NaN,,NaN,,NaN,,main,None,None,1,1.5013609000016,304.240383700002,None,None,1,NaN,,NaN,,NaN,NaN,NaN,NaN,NaN,NaN,,NaN,NaN,609,2023-11-01_10h21.47.976,Main,2022.1.1,58.9584053972058
negative,yellow,1,k,None,NaN,NaN,NaN,NaN,NaN,NaN,NaN,NaN,0,45,45,45,NaN,,NaN,,,NaN,NaN,,NaN,,NaN,,NaN,,NaN,,main,None,None,1,1.4992704000324,306.737504399847,None,None,1,NaN,,NaN,,NaN,NaN,NaN,NaN,NaN,NaN,,NaN,NaN,609,2023-11-01_10h21.47.976,Main,2022.1.1,58.9584053972058
negative,yellow,1,k,None,NaN,NaN,NaN,NaN,NaN,NaN,NaN,NaN,0,46,46,46,NaN,,NaN,,,NaN,NaN,,NaN,,NaN,,NaN,,NaN,,main,None,None,1,1.49910159991123,309.237470499938,None,None,1,NaN,,NaN,,NaN,NaN,NaN,NaN,NaN,NaN,,NaN,NaN,609,2023-11-01_10h21.47.976,Main,2022.1.1,58.9584053972058
positive,red,1,None,None,NaN,NaN,NaN,NaN,NaN,NaN,NaN,NaN,0,47,47,47,NaN,,NaN,,,NaN,NaN,,NaN,,NaN,,NaN,,NaN,,main,None,None,1,1.50371399987489,311.740249200026,None,None,1,NaN,,NaN,,NaN,NaN,NaN,NaN,NaN,NaN,,NaN,NaN,609,2023-11-01_10h21.47.976,Main,2022.1.1,58.9584053972058
positive,yellow,1,None,k,NaN,NaN,NaN,NaN,NaN,NaN,NaN,NaN,0,48,48,48,NaN,,NaN,,,NaN,NaN,,NaN,,NaN,,NaN,,NaN,,main,k,k,1,0.708131900057197,314.243052099831,None,None,0,NaN,,NaN,,NaN,NaN,NaN,NaN,NaN,NaN,,NaN,NaN,609,2023-11-01_10h21.47.976,Main,2022.1.1,58.9584053972058
negative,blue,1,None,k,NaN,NaN,NaN,NaN,NaN,NaN,NaN,NaN,0,49,49,49,NaN,,NaN,,,NaN,NaN,,NaN,,NaN,,NaN,,NaN,,main,k,k,1,0.819098099833354,315.953670699848,None,None,0,NaN,,NaN,,NaN,NaN,NaN,NaN,NaN,NaN,,NaN,NaN,609,2023-11-01_10h21.47.976,Main,2022.1.1,58.9584053972058
positive,yellow,2,None,k,NaN,NaN,NaN,NaN,NaN,NaN,NaN,NaN,0,50,50,50,NaN,,NaN,,,NaN,NaN,,NaN,,NaN,,NaN,,NaN,,main,k,k,1,0.69904060009867,317.770712399855,None,None,0,NaN,,NaN,,NaN,NaN,NaN,NaN,NaN,NaN,,NaN,NaN,609,2023-11-01_10h21.47.976,Main,2022.1.1,58.9584053972058
negative,blue,1,None,k,NaN,NaN,NaN,NaN,NaN,NaN,NaN,NaN,0,51,51,51,NaN,,NaN,,,NaN,NaN,,NaN,,NaN,,NaN,,NaN,,main,k,k,1,0.713149299845099,319.470677800011,None,None,0,NaN,,NaN,,NaN,NaN,NaN,NaN,NaN,NaN,,NaN,NaN,609,2023-11-01_10h21.47.976,Main,2022.1.1,58.9584053972058
positive,red,2,None,None,NaN,NaN,NaN,NaN,NaN,NaN,NaN,NaN,0,52,52,52,NaN,,NaN,,,NaN,NaN,,NaN,,NaN,,NaN,,NaN,,main,None,None,1,1.49841320002452,321.190068499884,None,None,1,NaN,,NaN,,NaN,NaN,NaN,NaN,NaN,NaN,,NaN,NaN,609,2023-11-01_10h21.47.976,Main,2022.1.1,58.9584053972058
positive,yellow,2,None,k,NaN,NaN,NaN,NaN,NaN,NaN,NaN,NaN,0,53,53,53,NaN,,NaN,,,NaN,NaN,,NaN,,NaN,,NaN,,NaN,,main,k,k,1,0.867309799883515,323.686846399913,None,None,0,NaN,,NaN,,NaN,NaN,NaN,NaN,NaN,NaN,,NaN,NaN,609,2023-11-01_10h21.47.976,Main,2022.1.1,58.9584053972058
negative,red,2,None,None,NaN,NaN,NaN,NaN,NaN,NaN,NaN,NaN,0,54,54,54,NaN,,NaN,,,NaN,NaN,,NaN,,NaN,,NaN,,NaN,,main,None,None,1,1.50098599982448,325.55355959991,None,None,1,NaN,,NaN,,NaN,NaN,NaN,NaN,NaN,NaN,,NaN,NaN,609,2023-11-01_10h21.47.976,Main,2022.1.1,58.9584053972058
positive,yellow,1,None,k,NaN,NaN,NaN,NaN,NaN,NaN,NaN,NaN,0,55,55,55,NaN,,NaN,,,NaN,NaN,,NaN,,NaN,,NaN,,NaN,,main,k,k,1,0.699265399947762,328.056741999928,None,None,0,NaN,,NaN,,NaN,NaN,NaN,NaN,NaN,NaN,,NaN,NaN,609,2023-11-01_10h21.47.976,Main,2022.1.1,58.9584053972058
negative,blue,2,None,k,NaN,NaN,NaN,NaN,NaN,NaN,NaN,NaN,0,56,56,56,NaN,,NaN,,,NaN,NaN,,NaN,,NaN,,NaN,,NaN,,main,k,k,1,0.679647600045428,329.756573899882,None,None,0,NaN,,NaN,,NaN,NaN,NaN,NaN,NaN,NaN,,NaN,NaN,609,2023-11-01_10h21.47.976,Main,2022.1.1,58.9584053972058
positive,blue,1,k,None,NaN,NaN,NaN,NaN,NaN,NaN,NaN,NaN,0,57,57,57,NaN,,NaN,,,NaN,NaN,,NaN,,NaN,,NaN,,NaN,,main,None,None,1,1.49893719982356,331.439953999827,None,None,1,NaN,,NaN,,NaN,NaN,NaN,NaN,NaN,NaN,,NaN,NaN,609,2023-11-01_10h21.47.976,Main,2022.1.1,58.9584053972058
positive,blue,1,k,None,NaN,NaN,NaN,NaN,NaN,NaN,NaN,NaN,0,58,58,58,NaN,,NaN,,,NaN,NaN,,NaN,,NaN,,NaN,,NaN,,main,None,None,1,1.50181529996917,333.939716499997,None,None,1,NaN,,NaN,,NaN,NaN,NaN,NaN,NaN,NaN,,NaN,NaN,609,2023-11-01_10h21.47.976,Main,2022.1.1,58.9584053972058
negative,yellow,2,k,None,NaN,NaN,NaN,NaN,NaN,NaN,NaN,NaN,0,59,59,59,NaN,,NaN,,,NaN,NaN,,NaN,,NaN,,NaN,,NaN,,main,None,None,1,1.49643999990076,336.436942199944,None,None,1,NaN,,NaN,,NaN,NaN,NaN,NaN,NaN,NaN,,NaN,NaN,609,2023-11-01_10h21.47.976,Main,2022.1.1,58.9584053972058
positive,red,2,None,None,NaN,NaN,NaN,NaN,NaN,NaN,NaN,NaN,0,60,60,60,NaN,,NaN,,,NaN,NaN,,NaN,,NaN,,NaN,,NaN,,main,None,None,1,1.50206349999644,338.936803899938,None,None,1,NaN,,NaN,,NaN,NaN,NaN,NaN,NaN,NaN,,NaN,NaN,609,2023-11-01_10h21.47.976,Main,2022.1.1,58.9584053972058
negative,yellow,1,k,None,NaN,NaN,NaN,NaN,NaN,NaN,NaN,NaN,0,61,61,61,NaN,,NaN,,,NaN,NaN,,NaN,,NaN,,NaN,,NaN,,main,None,None,1,1.50059249997139,341.43968229997,None,None,1,NaN,,NaN,,NaN,NaN,NaN,NaN,NaN,NaN,,NaN,NaN,609,2023-11-01_10h21.47.976,Main,2022.1.1,58.9584053972058
negative,red,1,None,None,NaN,NaN,NaN,NaN,NaN,NaN,NaN,NaN,0,62,62,62,NaN,,NaN,,,NaN,NaN,,NaN,,NaN,,NaN,,NaN,,main,None,None,1,1.49426240008324,343.936724700034,None,None,1,NaN,,NaN,,NaN,NaN,NaN,NaN,NaN,NaN,,NaN,NaN,609,2023-11-01_10h21.47.976,Main,2022.1.1,58.9584053972058
negative,blue,1,None,k,NaN,NaN,NaN,NaN,NaN,NaN,NaN,NaN,0,63,63,63,NaN,,NaN,,,NaN,NaN,,NaN,,NaN,,NaN,,NaN,,main,k,k,1,0.649826399981976,346.436383999884,None,None,0,NaN,,NaN,,NaN,NaN,NaN,NaN,NaN,NaN,,NaN,NaN,609,2023-11-01_10h21.47.976,Main,2022.1.1,58.9584053972058
positive,blue,2,k,None,NaN,NaN,NaN,NaN,NaN,NaN,NaN,NaN,0,64,64,64,NaN,,NaN,,,NaN,NaN,,NaN,,NaN,,NaN,,NaN,,main,None,None,1,1.50180190009996,348.089554799953,None,None,1,NaN,,NaN,,NaN,NaN,NaN,NaN,NaN,NaN,,NaN,NaN,609,2023-11-01_10h21.47.976,Main,2022.1.1,58.9584053972058
negative,yellow,2,k,None,NaN,NaN,NaN,NaN,NaN,NaN,NaN,NaN,0,65,65,65,NaN,,NaN,,,NaN,NaN,,NaN,,NaN,,NaN,,NaN,,main,None,None,1,1.49901399994269,350.589509799844,None,None,1,NaN,,NaN,,NaN,NaN,NaN,NaN,NaN,NaN,,NaN,NaN,609,2023-11-01_10h21.47.976,Main,2022.1.1,58.9584053972058
positive,yellow,2,None,k,NaN,NaN,NaN,NaN,NaN,NaN,NaN,NaN,0,66,66,66,NaN,,NaN,,,NaN,NaN,,NaN,,NaN,,NaN,,NaN,,main,k,k,1,0.579680000199005,353.08953859983,None,None,0,NaN,,NaN,,NaN,NaN,NaN,NaN,NaN,NaN,,NaN,NaN,609,2023-11-01_10h21.47.976,Main,2022.1.1,58.9584053972058
positive,yellow,2,None,k,NaN,NaN,NaN,NaN,NaN,NaN,NaN,NaN,0,67,67,67,NaN,,NaN,,,NaN,NaN,,NaN,,NaN,,NaN,,NaN,,main,k,k,1,1.0522299001459,354.669860000024,None,None,0,NaN,,NaN,,NaN,NaN,NaN,NaN,NaN,NaN,,NaN,NaN,609,2023-11-01_10h21.47.976,Main,2022.1.1,58.9584053972058
positive,red,1,None,None,NaN,NaN,NaN,NaN,NaN,NaN,NaN,NaN,0,68,68,68,NaN,,NaN,,,NaN,NaN,,NaN,,NaN,,NaN,,NaN,,main,None,None,1,1.49856110010296,356.722593799932,None,None,1,NaN,,NaN,,NaN,NaN,NaN,NaN,NaN,NaN,,NaN,NaN,609,2023-11-01_10h21.47.976,Main,2022.1.1,58.9584053972058
positive,yellow,1,None,k,NaN,NaN,NaN,NaN,NaN,NaN,NaN,NaN,0,69,69,69,NaN,,NaN,,,NaN,NaN,,NaN,,NaN,,NaN,,NaN,,main,k,k,1,0.646482300013304,359.219728899887,None,None,0,NaN,,NaN,,NaN,NaN,NaN,NaN,NaN,NaN,,NaN,NaN,609,2023-11-01_10h21.47.976,Main,2022.1.1,58.9584053972058
negative,yellow,2,k,None,NaN,NaN,NaN,NaN,NaN,NaN,NaN,NaN,0,70,70,70,NaN,,NaN,,,NaN,NaN,,NaN,,NaN,,NaN,,NaN,,main,None,None,1,1.50177960004658,360.872593899956,None,None,1,NaN,,NaN,,NaN,NaN,NaN,NaN,NaN,NaN,,NaN,NaN,609,2023-11-01_10h21.47.976,Main,2022.1.1,58.9584053972058
positive,yellow,1,None,k,NaN,NaN,NaN,NaN,NaN,NaN,NaN,NaN,0,71,71,71,NaN,,NaN,,,NaN,NaN,,NaN,,NaN,,NaN,,NaN,,main,k,k,1,0.630185599904507,363.369688999839,None,None,0,NaN,,NaN,,NaN,NaN,NaN,NaN,NaN,NaN,,NaN,NaN,609,2023-11-01_10h21.47.976,Main,2022.1.1,58.9584053972058
negative,blue,1,None,k,NaN,NaN,NaN,NaN,NaN,NaN,NaN,NaN,0,72,72,72,NaN,,NaN,,,NaN,NaN,,NaN,,NaN,,NaN,,NaN,,main,k,k,1,0.722387099871412,365.005833999952,None,None,0,NaN,,NaN,,NaN,NaN,NaN,NaN,NaN,NaN,,NaN,NaN,609,2023-11-01_10h21.47.976,Main,2022.1.1,58.9584053972058
negative,red,2,None,None,NaN,NaN,NaN,NaN,NaN,NaN,NaN,NaN,0,73,73,73,NaN,,NaN,,,NaN,NaN,,NaN,,NaN,,NaN,,NaN,,main,None,None,1,1.49161999998614,366.731597899925,None,None,1,NaN,,NaN,,NaN,NaN,NaN,NaN,NaN,NaN,,NaN,NaN,609,2023-11-01_10h21.47.976,Main,2022.1.1,58.9584053972058
positive,blue,2,k,None,NaN,NaN,NaN,NaN,NaN,NaN,NaN,NaN,0,74,74,74,NaN,,NaN,,,NaN,NaN,,NaN,,NaN,,NaN,,NaN,,main,None,None,1,1.50222119991668,369.219286399893,None,None,1,NaN,,NaN,,NaN,NaN,NaN,NaN,NaN,NaN,,NaN,NaN,609,2023-11-01_10h21.47.976,Main,2022.1.1,58.9584053972058
negative,blue,2,None,k,NaN,NaN,NaN,NaN,NaN,NaN,NaN,NaN,0,75,75,75,NaN,,NaN,,,NaN,NaN,,NaN,,NaN,,NaN,,NaN,,main,k,k,1,0.613544099964201,371.722404700005,None,None,0,NaN,,NaN,,NaN,NaN,NaN,NaN,NaN,NaN,,NaN,NaN,609,2023-11-01_10h21.47.976,Main,2022.1.1,58.9584053972058
negative,blue,2,None,k,NaN,NaN,NaN,NaN,NaN,NaN,NaN,NaN,0,76,76,76,NaN,,NaN,,,NaN,NaN,,NaN,,NaN,,NaN,,NaN,,main,k,k,1,0.598892600042745,373.339123199927,None,None,0,NaN,,NaN,,NaN,NaN,NaN,NaN,NaN,NaN,,NaN,NaN,609,2023-11-01_10h21.47.976,Main,2022.1.1,58.9584053972058
negative,yellow,1,k,None,NaN,NaN,NaN,NaN,NaN,NaN,NaN,NaN,0,77,77,77,NaN,,NaN,,,NaN,NaN,,NaN,,NaN,,NaN,,NaN,,main,None,None,1,1.50271289981902,374.93901439989,None,None,1,NaN,,NaN,,NaN,NaN,NaN,NaN,NaN,NaN,,NaN,NaN,609,2023-11-01_10h21.47.976,Main,2022.1.1,58.9584053972058
positive,blue,1,k,None,NaN,NaN,NaN,NaN,NaN,NaN,NaN,NaN,0,78,78,78,NaN,,NaN,,,NaN,NaN,,NaN,,NaN,,NaN,,NaN,,main,None,None,1,1.49787920014933,377.43599170004,None,None,1,NaN,,NaN,,NaN,NaN,NaN,NaN,NaN,NaN,,NaN,NaN,609,2023-11-01_10h21.47.976,Main,2022.1.1,58.9584053972058
positive,blue,1,k,None,NaN,NaN,NaN,NaN,NaN,NaN,NaN,NaN,0,79,79,79,NaN,,NaN,,,NaN,NaN,,NaN,,NaN,,NaN,,NaN,,main,None,None,1,1.49943089997396,379.935931799933,None,None,1,NaN,,NaN,,NaN,NaN,NaN,NaN,NaN,NaN,,NaN,NaN,609,2023-11-01_10h21.47.976,Main,2022.1.1,58.9584053972058
positive,red,2,None,None,NaN,NaN,NaN,NaN,NaN,NaN,NaN,NaN,0,80,80,80,NaN,,NaN,,,NaN,NaN,,NaN,,NaN,,NaN,,NaN,,main,None,None,1,1.49914769991301,382.435951199848,None,None,1,NaN,,NaN,,NaN,NaN,NaN,NaN,NaN,NaN,,NaN,NaN,609,2023-11-01_10h21.47.976,Main,2022.1.1,58.9584053972058
positive,yellow,2,None,k,NaN,NaN,NaN,NaN,NaN,NaN,NaN,NaN,0,81,81,81,NaN,,NaN,,,NaN,NaN,,NaN,,NaN,,NaN,,NaN,,main,k,k,1,0.729777599917725,384.938767299987,None,None,0,NaN,,NaN,,NaN,NaN,NaN,NaN,NaN,NaN,,NaN,NaN,609,2023-11-01_10h21.47.976,Main,2022.1.1,58.9584053972058
positive,blue,1,k,None,NaN,NaN,NaN,NaN,NaN,NaN,NaN,NaN,0,82,82,82,NaN,,NaN,,,NaN,NaN,,NaN,,NaN,,NaN,,NaN,,main,None,None,1,1.49836420011707,386.672126800055,None,None,1,NaN,,NaN,,NaN,NaN,NaN,NaN,NaN,NaN,,NaN,NaN,609,2023-11-01_10h21.47.976,Main,2022.1.1,58.9584053972058
negative,yellow,2,k,None,NaN,NaN,NaN,NaN,NaN,NaN,NaN,NaN,0,83,83,83,NaN,,NaN,,,NaN,NaN,,NaN,,NaN,,NaN,,NaN,,main,None,None,1,1.49921759986319,389.168829799863,None,None,1,NaN,,NaN,,NaN,NaN,NaN,NaN,NaN,NaN,,NaN,NaN,609,2023-11-01_10h21.47.976,Main,2022.1.1,58.9584053972058
positive,blue,2,k,None,NaN,NaN,NaN,NaN,NaN,NaN,NaN,NaN,0,84,84,84,NaN,,NaN,,,NaN,NaN,,NaN,,NaN,,NaN,,NaN,,main,None,None,1,1.50247820001096,391.668850099901,None,None,1,NaN,,NaN,,NaN,NaN,NaN,NaN,NaN,NaN,,NaN,NaN,609,2023-11-01_10h21.47.976,Main,2022.1.1,58.9584053972058
positive,yellow,1,None,k,NaN,NaN,NaN,NaN,NaN,NaN,NaN,NaN,0,85,85,85,NaN,,NaN,,,NaN,NaN,,NaN,,NaN,,NaN,,NaN,,main,k,k,1,0.666027100058272,394.169119099854,None,None,0,NaN,,NaN,,NaN,NaN,NaN,NaN,NaN,NaN,,NaN,NaN,609,2023-11-01_10h21.47.976,Main,2022.1.1,58.9584053972058
positive,blue,2,k,None,NaN,NaN,NaN,NaN,NaN,NaN,NaN,NaN,0,86,86,86,NaN,,NaN,,,NaN,NaN,,NaN,,NaN,,NaN,,NaN,,main,None,None,1,1.49874369986355,395.838626999874,None,None,1,NaN,,NaN,,NaN,NaN,NaN,NaN,NaN,NaN,,NaN,NaN,609,2023-11-01_10h21.47.976,Main,2022.1.1,58.9584053972058
positive,blue,1,k,None,NaN,NaN,NaN,NaN,NaN,NaN,NaN,NaN,0,87,87,87,NaN,,NaN,,,NaN,NaN,,NaN,,NaN,,NaN,,NaN,,main,None,None,1,1.49626000015996,398.335706199985,None,None,1,NaN,,NaN,,NaN,NaN,NaN,NaN,NaN,NaN,,NaN,NaN,609,2023-11-01_10h21.47.976,Main,2022.1.1,58.9584053972058
negative,yellow,2,k,None,NaN,NaN,NaN,NaN,NaN,NaN,NaN,NaN,0,88,88,88,NaN,,NaN,,,NaN,NaN,,NaN,,NaN,,NaN,,NaN,,main,None,None,1,1.50188500015065,400.835538599873,None,None,1,NaN,,NaN,,NaN,NaN,NaN,NaN,NaN,NaN,,NaN,NaN,609,2023-11-01_10h21.47.976,Main,2022.1.1,58.9584053972058
negative,blue,2,None,k,NaN,NaN,NaN,NaN,NaN,NaN,NaN,NaN,0,89,89,89,NaN,,NaN,,,NaN,NaN,,NaN,,NaN,,NaN,,NaN,,main,k,k,1,0.830006999894977,403.335499200039,None,None,0,NaN,,NaN,,NaN,NaN,NaN,NaN,NaN,NaN,,NaN,NaN,609,2023-11-01_10h21.47.976,Main,2022.1.1,58.9584053972058
positive,yellow,2,None,k,NaN,NaN,NaN,NaN,NaN,NaN,NaN,NaN,0,90,90,90,NaN,,NaN,,,NaN,NaN,,NaN,,NaN,,NaN,,NaN,,main,k,k,1,0.598882599966601,405.171633400023,None,None,0,NaN,,NaN,,NaN,NaN,NaN,NaN,NaN,NaN,,NaN,NaN,609,2023-11-01_10h21.47.976,Main,2022.1.1,58.9584053972058
negative,yellow,1,k,None,NaN,NaN,NaN,NaN,NaN,NaN,NaN,NaN,0,91,91,91,NaN,,NaN,,,NaN,NaN,,NaN,,NaN,,NaN,,NaN,,main,None,None,1,1.5018243000377,406.7716202999,None,None,1,NaN,,NaN,,NaN,NaN,NaN,NaN,NaN,NaN,,NaN,NaN,609,2023-11-01_10h21.47.976,Main,2022.1.1,58.9584053972058
negative,red,2,None,None,NaN,NaN,NaN,NaN,NaN,NaN,NaN,NaN,0,92,92,92,NaN,,NaN,,,NaN,NaN,,NaN,,NaN,,NaN,,NaN,,main,None,None,1,1.49584160000086,409.271641299827,None,None,1,NaN,,NaN,,NaN,NaN,NaN,NaN,NaN,NaN,,NaN,NaN,609,2023-11-01_10h21.47.976,Main,2022.1.1,58.9584053972058
negative,blue,2,None,k,NaN,NaN,NaN,NaN,NaN,NaN,NaN,NaN,0,93,93,93,NaN,,NaN,,,NaN,NaN,,NaN,,NaN,,NaN,,NaN,,main,k,k,1,0.799447300145403,411.768369699828,None,None,0,NaN,,NaN,,NaN,NaN,NaN,NaN,NaN,NaN,,NaN,NaN,609,2023-11-01_10h21.47.976,Main,2022.1.1,58.9584053972058
negative,blue,1,None,k,NaN,NaN,NaN,NaN,NaN,NaN,NaN,NaN,0,94,94,94,NaN,,NaN,,,NaN,NaN,,NaN,,NaN,,NaN,,NaN,,main,k,k,1,0.768340100068599,413.568401800003,None,None,0,NaN,,NaN,,NaN,NaN,NaN,NaN,NaN,NaN,,NaN,NaN,609,2023-11-01_10h21.47.976,Main,2022.1.1,58.9584053972058
negative,blue,1,None,k,NaN,NaN,NaN,NaN,NaN,NaN,NaN,NaN,0,95,95,95,NaN,,NaN,,,NaN,NaN,,NaN,,NaN,,NaN,,NaN,,main,k,k,1,0.700288499938324,415.338293599896,None,None,0,NaN,,NaN,,NaN,NaN,NaN,NaN,NaN,NaN,,NaN,NaN,609,2023-11-01_10h21.47.976,Main,2022.1.1,58.9584053972058
negative,red,1,None,None,NaN,NaN,NaN,NaN,NaN,NaN,NaN,NaN,0,96,96,96,NaN,,NaN,,,NaN,NaN,,NaN,,NaN,,NaN,,NaN,,main,None,None,1,1.50217220000923,417.038128699875,None,None,1,NaN,,NaN,,NaN,NaN,NaN,NaN,NaN,NaN,,NaN,NaN,609,2023-11-01_10h21.47.976,Main,2022.1.1,58.9584053972058
positive,yellow,1,None,k,NaN,NaN,NaN,NaN,NaN,NaN,NaN,NaN,0,97,97,97,NaN,,NaN,,,NaN,NaN,,NaN,,NaN,,NaN,,NaN,,main,k,k,1,0.658467400120571,419.540718700038,None,None,0,NaN,,NaN,,NaN,NaN,NaN,NaN,NaN,NaN,,NaN,NaN,609,2023-11-01_10h21.47.976,Main,2022.1.1,58.9584053972058
negative,yellow,1,k,None,NaN,NaN,NaN,NaN,NaN,NaN,NaN,NaN,0,98,98,98,NaN,,NaN,,,NaN,NaN,,NaN,,NaN,,NaN,,NaN,,main,None,None,1,1.49891349999234,421.20177389984,None,None,1,NaN,,NaN,,NaN,NaN,NaN,NaN,NaN,NaN,,NaN,NaN,609,2023-11-01_10h21.47.976,Main,2022.1.1,58.9584053972058
positive,red,1,None,None,NaN,NaN,NaN,NaN,NaN,NaN,NaN,NaN,0,99,99,99,NaN,,NaN,,,NaN,NaN,,NaN,,NaN,,NaN,,NaN,,main,None,None,1,1.50213179993443,423.701588100055,None,None,1,NaN,,NaN,,NaN,NaN,NaN,NaN,NaN,NaN,,NaN,NaN,609,2023-11-01_10h21.47.976,Main,2022.1.1,58.9584053972058
positive,blue,1,k,None,NaN,NaN,NaN,NaN,NaN,NaN,NaN,NaN,0,100,100,100,NaN,,NaN,,,NaN,NaN,,NaN,,NaN,,NaN,,NaN,,main,None,None,1,1.49923740001395,426.204533200013,None,None,1,NaN,,NaN,,NaN,NaN,NaN,NaN,NaN,NaN,,NaN,NaN,609,2023-11-01_10h21.47.976,Main,2022.1.1,58.9584053972058
negative,yellow,1,k,None,NaN,NaN,NaN,NaN,NaN,NaN,NaN,NaN,0,101,101,101,NaN,,NaN,,,NaN,NaN,,NaN,,NaN,,NaN,,NaN,,main,None,None,1,1.49616570002399,428.704524399946,None,None,1,NaN,,NaN,,NaN,NaN,NaN,NaN,NaN,NaN,,NaN,NaN,609,2023-11-01_10h21.47.976,Main,2022.1.1,58.9584053972058
negative,blue,2,None,k,NaN,NaN,NaN,NaN,NaN,NaN,NaN,NaN,0,102,102,102,NaN,,NaN,,,NaN,NaN,,NaN,,NaN,,NaN,,NaN,,main,k,k,1,1.34950329991989,431.204495999962,None,None,0,NaN,,NaN,,NaN,NaN,NaN,NaN,NaN,NaN,,NaN,NaN,609,2023-11-01_10h21.47.976,Main,2022.1.1,58.9584053972058
negative,yellow,2,k,None,NaN,NaN,NaN,NaN,NaN,NaN,NaN,NaN,0,103,103,103,NaN,,NaN,,,NaN,NaN,,NaN,,NaN,,NaN,,NaN,,main,None,None,1,1.50185839994811,433.551474499982,None,None,1,NaN,,NaN,,NaN,NaN,NaN,NaN,NaN,NaN,,NaN,NaN,609,2023-11-01_10h21.47.976,Main,2022.1.1,58.9584053972058
positive,yellow,2,None,k,NaN,NaN,NaN,NaN,NaN,NaN,NaN,NaN,0,104,104,104,NaN,,NaN,,,NaN,NaN,,NaN,,NaN,,NaN,,NaN,,main,k,k,1,0.679647299926728,436.051628799876,None,None,0,NaN,,NaN,,NaN,NaN,NaN,NaN,NaN,NaN,,NaN,NaN,609,2023-11-01_10h21.47.976,Main,2022.1.1,58.9584053972058
positive,blue,1,k,None,NaN,NaN,NaN,NaN,NaN,NaN,NaN,NaN,0,105,105,105,NaN,,NaN,,,NaN,NaN,,NaN,,NaN,,NaN,,NaN,,main,None,None,1,1.50158350006677,437.73777249991,None,None,1,NaN,,NaN,,NaN,NaN,NaN,NaN,NaN,NaN,,NaN,NaN,609,2023-11-01_10h21.47.976,Main,2022.1.1,58.9584053972058
positive,blue,2,k,None,NaN,NaN,NaN,NaN,NaN,NaN,NaN,NaN,0,106,106,106,NaN,,NaN,,,NaN,NaN,,NaN,,NaN,,NaN,,NaN,,main,None,None,1,1.49606560007669,440.237643799977,None,None,1,NaN,,NaN,,NaN,NaN,NaN,NaN,NaN,NaN,,NaN,NaN,609,2023-11-01_10h21.47.976,Main,2022.1.1,58.9584053972058
negative,blue,1,None,k,NaN,NaN,NaN,NaN,NaN,NaN,NaN,NaN,0,107,107,107,NaN,,NaN,,,NaN,NaN,,NaN,,NaN,,NaN,,NaN,,main,k,k,1,0.766349199926481,442.734774600016,None,None,0,NaN,,NaN,,NaN,NaN,NaN,NaN,NaN,NaN,,NaN,NaN,609,2023-11-01_10h21.47.976,Main,2022.1.1,58.9584053972058
positive,yellow,2,None,k,NaN,NaN,NaN,NaN,NaN,NaN,NaN,NaN,0,108,108,108,NaN,,NaN,,,NaN,NaN,,NaN,,NaN,,NaN,,NaN,,main,k,k,1,0.715521100210026,444.501304100035,None,None,0,NaN,,NaN,,NaN,NaN,NaN,NaN,NaN,NaN,,NaN,NaN,609,2023-11-01_10h21.47.976,Main,2022.1.1,58.9584053972058
negative,yellow,1,k,None,NaN,NaN,NaN,NaN,NaN,NaN,NaN,NaN,0,109,109,109,NaN,,NaN,,,NaN,NaN,,NaN,,NaN,,NaN,,NaN,,main,None,None,1,1.50186679977924,446.220767499879,None,None,1,NaN,,NaN,,NaN,NaN,NaN,NaN,NaN,NaN,,NaN,NaN,609,2023-11-01_10h21.47.976,Main,2022.1.1,58.9584053972058
negative,blue,2,None,k,NaN,NaN,NaN,NaN,NaN,NaN,NaN,NaN,0,110,110,110,NaN,,NaN,,,NaN,NaN,,NaN,,NaN,,NaN,,NaN,,main,k,k,1,0.779809500090778,448.720750499982,None,None,0,NaN,,NaN,,NaN,NaN,NaN,NaN,NaN,NaN,,NaN,NaN,609,2023-11-01_10h21.47.976,Main,2022.1.1,58.9584053972058
positive,blue,2,k,None,NaN,NaN,NaN,NaN,NaN,NaN,NaN,NaN,0,111,111,111,NaN,,NaN,,,NaN,NaN,,NaN,,NaN,,NaN,,NaN,,main,None,None,1,1.50175109994598,450.501230699942,None,None,1,NaN,,NaN,,NaN,NaN,NaN,NaN,NaN,NaN,,NaN,NaN,609,2023-11-01_10h21.47.976,Main,2022.1.1,58.9584053972058
negative,blue,1,None,k,NaN,NaN,NaN,NaN,NaN,NaN,NaN,NaN,0,112,112,112,NaN,,NaN,,,NaN,NaN,,NaN,,NaN,,NaN,,NaN,,main,k,k,1,0.681101500056684,453.001193099888,None,None,0,NaN,,NaN,,NaN,NaN,NaN,NaN,NaN,NaN,,NaN,NaN,609,2023-11-01_10h21.47.976,Main,2022.1.1,58.9584053972058
positive,yellow,1,None,k,NaN,NaN,NaN,NaN,NaN,NaN,NaN,NaN,0,113,113,113,NaN,,NaN,,,NaN,NaN,,NaN,,NaN,,NaN,,NaN,,main,k,k,1,0.630190000170842,454.684156300034,None,None,0,NaN,,NaN,,NaN,NaN,NaN,NaN,NaN,NaN,,NaN,NaN,609,2023-11-01_10h21.47.976,Main,2022.1.1,58.9584053972058
negative,red,1,None,None,NaN,NaN,NaN,NaN,NaN,NaN,NaN,NaN,0,114,114,114,NaN,,NaN,,,NaN,NaN,,NaN,,NaN,,NaN,,NaN,,main,None,None,1,1.50208439980634,456.317525299964,None,None,1,NaN,,NaN,,NaN,NaN,NaN,NaN,NaN,NaN,,NaN,NaN,609,2023-11-01_10h21.47.976,Main,2022.1.1,58.9584053972058
positive,red,1,None,None,NaN,NaN,NaN,NaN,NaN,NaN,NaN,NaN,0,115,115,115,NaN,,NaN,,,NaN,NaN,,NaN,,NaN,,NaN,,NaN,,main,None,None,1,1.49931730004027,458.820684500039,None,None,1,NaN,,NaN,,NaN,NaN,NaN,NaN,NaN,NaN,,NaN,NaN,609,2023-11-01_10h21.47.976,Main,2022.1.1,58.9584053972058
negative,red,2,None,None,NaN,NaN,NaN,NaN,NaN,NaN,NaN,NaN,0,116,116,116,NaN,,NaN,,,NaN,NaN,,NaN,,NaN,,NaN,,NaN,,main,None,None,1,1.49897520011291,461.320636499906,None,None,1,NaN,,NaN,,NaN,NaN,NaN,NaN,NaN,NaN,,NaN,NaN,609,2023-11-01_10h21.47.976,Main,2022.1.1,58.9584053972058
negative,yellow,2,k,None,NaN,NaN,NaN,NaN,NaN,NaN,NaN,NaN,0,117,117,117,NaN,,NaN,,,NaN,NaN,,NaN,,NaN,,NaN,,NaN,,main,None,None,1,1.49903319985606,463.817529599881,None,None,1,NaN,,NaN,,NaN,NaN,NaN,NaN,NaN,NaN,,NaN,NaN,609,2023-11-01_10h21.47.976,Main,2022.1.1,58.9584053972058
positive,yellow,1,None,k,NaN,NaN,NaN,NaN,NaN,NaN,NaN,NaN,0,118,118,118,NaN,,NaN,,,NaN,NaN,,NaN,,NaN,,NaN,,NaN,,main,k,k,1,1.22994619980454,466.317502700025,None,None,0,NaN,,NaN,,NaN,NaN,NaN,NaN,NaN,NaN,,NaN,NaN,609,2023-11-01_10h21.47.976,Main,2022.1.1,58.9584053972058
positive,red,2,None,None,NaN,NaN,NaN,NaN,NaN,NaN,NaN,NaN,0,119,119,119,NaN,,NaN,,,NaN,NaN,,NaN,,NaN,,NaN,,NaN,,main,None,None,1,1.50187579984777,468.550858399831,None,None,1,NaN,,NaN,,NaN,NaN,NaN,NaN,NaN,NaN,,NaN,NaN,609,2023-11-01_10h21.47.976,Main,2022.1.1,58.9584053972058
positive,blue,2,k,None,NaN,NaN,NaN,NaN,NaN,NaN,NaN,NaN,0,120,120,120,NaN,,NaN,,,NaN,NaN,,NaN,,NaN,,NaN,,NaN,,main,None,None,1,1.49888480012305,471.053664499894,None,None,1,NaN,,NaN,,NaN,NaN,NaN,NaN,NaN,NaN,,NaN,NaN,609,2023-11-01_10h21.47.976,Main,2022.1.1,58.9584053972058
negative,red,1,None,None,NaN,NaN,NaN,NaN,NaN,NaN,NaN,NaN,0,121,121,121,NaN,,NaN,,,NaN,NaN,,NaN,,NaN,,NaN,,NaN,,main,None,None,1,1.50313450000249,473.550742799882,None,None,1,NaN,,NaN,,NaN,NaN,NaN,NaN,NaN,NaN,,NaN,NaN,609,2023-11-01_10h21.47.976,Main,2022.1.1,58.9584053972058
positive,yellow,2,None,k,NaN,NaN,NaN,NaN,NaN,NaN,NaN,NaN,0,122,122,122,NaN,,NaN,,,NaN,NaN,,NaN,,NaN,,NaN,,NaN,,main,k,k,1,0.708897900069132,476.055419499986,None,None,0,NaN,,NaN,,NaN,NaN,NaN,NaN,NaN,NaN,,NaN,NaN,609,2023-11-01_10h21.47.976,Main,2022.1.1,58.9584053972058
negative,red,2,None,None,NaN,NaN,NaN,NaN,NaN,NaN,NaN,NaN,0,123,123,123,NaN,,NaN,,,NaN,NaN,,NaN,,NaN,,NaN,,NaN,,main,None,None,1,1.50126480008475,477.767019399907,None,None,1,NaN,,NaN,,NaN,NaN,NaN,NaN,NaN,NaN,,NaN,NaN,609,2023-11-01_10h21.47.976,Main,2022.1.1,58.9584053972058
negative,yellow,2,k,None,NaN,NaN,NaN,NaN,NaN,NaN,NaN,NaN,0,124,124,124,NaN,,NaN,,,NaN,NaN,,NaN,,NaN,,NaN,,NaN,,main,None,None,1,1.49850810016505,480.270311199827,None,None,1,NaN,,NaN,,NaN,NaN,NaN,NaN,NaN,NaN,,NaN,NaN,609,2023-11-01_10h21.47.976,Main,2022.1.1,58.9584053972058
positive,red,1,None,None,NaN,NaN,NaN,NaN,NaN,NaN,NaN,NaN,0,125,125,125,NaN,,NaN,,,NaN,NaN,,NaN,,NaN,,NaN,,NaN,,main,None,None,1,1.49500720016658,482.770229199901,None,None,1,NaN,,NaN,,NaN,NaN,NaN,NaN,NaN,NaN,,NaN,NaN,609,2023-11-01_10h21.47.976,Main,2022.1.1,58.9584053972058
negative,blue,2,None,k,NaN,NaN,NaN,NaN,NaN,NaN,NaN,NaN,0,126,126,126,NaN,,NaN,,,NaN,NaN,,NaN,,NaN,,NaN,,NaN,,main,k,k,1,0.748429300030693,485.266872999957,None,None,0,NaN,,NaN,,NaN,NaN,NaN,NaN,NaN,NaN,,NaN,NaN,609,2023-11-01_10h21.47.976,Main,2022.1.1,58.9584053972058
negative,blue,1,None,k,NaN,NaN,NaN,NaN,NaN,NaN,NaN,NaN,0,127,127,127,NaN,,NaN,,,NaN,NaN,,NaN,,NaN,,NaN,,NaN,,main,k,k,1,0.716275899903849,487.016848800005,None,None,0,NaN,,NaN,,NaN,NaN,NaN,NaN,NaN,NaN,,NaN,NaN,609,2023-11-01_10h21.47.976,Main,2022.1.1,58.9584053972058
negative,yellow,1,k,None,NaN,NaN,NaN,NaN,NaN,NaN,NaN,NaN,0,128,128,128,NaN,,NaN,,,NaN,NaN,,NaN,,NaN,,NaN,,NaN,,main,None,None,1,1.50158659997396,488.736748599913,None,None,1,NaN,,NaN,,NaN,NaN,NaN,NaN,NaN,NaN,,NaN,NaN,609,2023-11-01_10h21.47.976,Main,2022.1.1,58.9584053972058
negative,yellow,1,k,None,NaN,NaN,NaN,NaN,NaN,NaN,NaN,NaN,0,129,129,129,NaN,,NaN,,,NaN,NaN,,NaN,,NaN,,NaN,,NaN,,main,None,None,1,1.49896569992416,491.233801799826,None,None,1,NaN,,NaN,,NaN,NaN,NaN,NaN,NaN,NaN,,NaN,NaN,609,2023-11-01_10h21.47.976,Main,2022.1.1,58.9584053972058
positive,blue,1,k,None,NaN,NaN,NaN,NaN,NaN,NaN,NaN,NaN,0,130,130,130,NaN,,NaN,,,NaN,NaN,,NaN,,NaN,,NaN,,NaN,,main,None,None,1,1.49880170007236,493.736570799956,None,None,1,NaN,,NaN,,NaN,NaN,NaN,NaN,NaN,NaN,,NaN,NaN,609,2023-11-01_10h21.47.976,Main,2022.1.1,58.9584053972058
negative,blue,1,None,k,NaN,NaN,NaN,NaN,NaN,NaN,NaN,NaN,0,131,131,131,NaN,,NaN,,,NaN,NaN,,NaN,,NaN,,NaN,,NaN,,main,k,k,1,0.630059000104666,496.233624699991,None,None,0,NaN,,NaN,,NaN,NaN,NaN,NaN,NaN,NaN,,NaN,NaN,609,2023-11-01_10h21.47.976,Main,2022.1.1,58.9584053972058
negative,blue,2,None,k,NaN,NaN,NaN,NaN,NaN,NaN,NaN,NaN,0,132,132,132,NaN,,NaN,,,NaN,NaN,,NaN,,NaN,,NaN,,NaN,,main,k,k,1,0.66871379991062,497.866875299951,None,None,0,NaN,,NaN,,NaN,NaN,NaN,NaN,NaN,NaN,,NaN,NaN,609,2023-11-01_10h21.47.976,Main,2022.1.1,58.9584053972058
positive,blue,2,k,None,NaN,NaN,NaN,NaN,NaN,NaN,NaN,NaN,0,133,133,133,NaN,,NaN,,,NaN,NaN,,NaN,,NaN,,NaN,,NaN,,main,None,None,1,1.49881080002524,499.536386199994,None,None,1,NaN,,NaN,,NaN,NaN,NaN,NaN,NaN,NaN,,NaN,NaN,609,2023-11-01_10h21.47.976,Main,2022.1.1,58.9584053972058
positive,red,2,None,None,NaN,NaN,NaN,NaN,NaN,NaN,NaN,NaN,0,134,134,134,NaN,,NaN,,,NaN,NaN,,NaN,,NaN,,NaN,,NaN,,main,None,None,1,1.49915970000438,502.03349089995,None,None,1,NaN,,NaN,,NaN,NaN,NaN,NaN,NaN,NaN,,NaN,NaN,609,2023-11-01_10h21.47.976,Main,2022.1.1,58.9584053972058
negative,yellow,2,k,None,NaN,NaN,NaN,NaN,NaN,NaN,NaN,NaN,0,135,135,135,NaN,,NaN,,,NaN,NaN,,NaN,,NaN,,NaN,,NaN,,main,None,None,1,1.49595300015062,504.536288099829,None,None,1,NaN,,NaN,,NaN,NaN,NaN,NaN,NaN,NaN,,NaN,NaN,609,2023-11-01_10h21.47.976,Main,2022.1.1,58.9584053972058
positive,yellow,2,None,k,NaN,NaN,NaN,NaN,NaN,NaN,NaN,NaN,0,136,136,136,NaN,,NaN,,,NaN,NaN,,NaN,,NaN,,NaN,,NaN,,main,k,k,1,0.616221399977803,507.033083599992,None,None,0,NaN,,NaN,,NaN,NaN,NaN,NaN,NaN,NaN,,NaN,NaN,609,2023-11-01_10h21.47.976,Main,2022.1.1,58.9584053972058
positive,blue,1,k,None,NaN,NaN,NaN,NaN,NaN,NaN,NaN,NaN,0,137,137,137,NaN,,NaN,,,NaN,NaN,,NaN,,NaN,,NaN,,NaN,,main,None,None,1,1.50223910016939,508.6497676,None,None,1,NaN,,NaN,,NaN,NaN,NaN,NaN,NaN,NaN,,NaN,NaN,609,2023-11-01_10h21.47.976,Main,2022.1.1,58.9584053972058
positive,yellow,1,None,k,NaN,NaN,NaN,NaN,NaN,NaN,NaN,NaN,0,138,138,138,NaN,,NaN,,,NaN,NaN,,NaN,,NaN,,NaN,,NaN,,main,k,k,1,0.732581699965522,511.153041099897,None,None,0,NaN,,NaN,,NaN,NaN,NaN,NaN,NaN,NaN,,NaN,NaN,609,2023-11-01_10h21.47.976,Main,2022.1.1,58.9584053972058
positive,yellow,1,None,k,NaN,NaN,NaN,NaN,NaN,NaN,NaN,NaN,0,139,139,139,NaN,,NaN,,,NaN,NaN,,NaN,,NaN,,NaN,,NaN,,main,k,k,1,0.615853399969637,512.883339700056,None,None,0,NaN,,NaN,,NaN,NaN,NaN,NaN,NaN,NaN,,NaN,NaN,609,2023-11-01_10h21.47.976,Main,2022.1.1,58.9584053972058
positive,yellow,1,None,k,NaN,NaN,NaN,NaN,NaN,NaN,NaN,NaN,0,140,140,140,NaN,,NaN,,,NaN,NaN,,NaN,,NaN,,NaN,,NaN,,main,k,k,1,0.646056199911982,514.499992699828,None,None,0,NaN,,NaN,,NaN,NaN,NaN,NaN,NaN,NaN,,NaN,NaN,609,2023-11-01_10h21.47.976,Main,2022.1.1,58.9584053972058
positive,blue,1,k,None,NaN,NaN,NaN,NaN,NaN,NaN,NaN,NaN,0,141,141,141,NaN,,NaN,,,NaN,NaN,,NaN,,NaN,,NaN,,NaN,,main,None,None,1,1.50173189979978,516.14980169991,None,None,1,NaN,,NaN,,NaN,NaN,NaN,NaN,NaN,NaN,,NaN,NaN,609,2023-11-01_10h21.47.976,Main,2022.1.1,58.9584053972058
positive,blue,2,k,None,NaN,NaN,NaN,NaN,NaN,NaN,NaN,NaN,0,142,142,142,NaN,,NaN,,,NaN,NaN,,NaN,,NaN,,NaN,,NaN,,main,None,None,1,1.49935140018351,518.649762699846,None,None,1,NaN,,NaN,,NaN,NaN,NaN,NaN,NaN,NaN,,NaN,NaN,609,2023-11-01_10h21.47.976,Main,2022.1.1,58.9584053972058
positive,yellow,2,None,k,NaN,NaN,NaN,NaN,NaN,NaN,NaN,NaN,0,143,143,143,NaN,,NaN,,,NaN,NaN,,NaN,,NaN,,NaN,,NaN,,main,k,k,1,0.729672000044957,521.149731099838,None,None,0,NaN,,NaN,,NaN,NaN,NaN,NaN,NaN,NaN,,NaN,NaN,609,2023-11-01_10h21.47.976,Main,2022.1.1,58.9584053972058
negative,yellow,2,k,None,NaN,NaN,NaN,NaN,NaN,NaN,NaN,NaN,0,144,144,144,NaN,,NaN,,,NaN,NaN,,NaN,,NaN,,NaN,,NaN,,main,None,None,1,1.50170549983159,522.885874300031,None,None,1,NaN,,NaN,,NaN,NaN,NaN,NaN,NaN,NaN,,NaN,NaN,609,2023-11-01_10h21.47.976,Main,2022.1.1,58.9584053972058
negative,blue,2,None,k,NaN,NaN,NaN,NaN,NaN,NaN,NaN,NaN,0,145,145,145,NaN,,NaN,,,NaN,NaN,,NaN,,NaN,,NaN,,NaN,,main,k,k,1,0.666259000077844,525.385919400025,None,None,0,NaN,,NaN,,NaN,NaN,NaN,NaN,NaN,NaN,,NaN,NaN,609,2023-11-01_10h21.47.976,Main,2022.1.1,58.9584053972058
negative,red,1,None,None,NaN,NaN,NaN,NaN,NaN,NaN,NaN,NaN,0,146,146,146,NaN,,NaN,,,NaN,NaN,,NaN,,NaN,,NaN,,NaN,,main,None,None,1,1.49561819992959,527.049655499868,None,None,1,NaN,,NaN,,NaN,NaN,NaN,NaN,NaN,NaN,,NaN,NaN,609,2023-11-01_10h21.47.976,Main,2022.1.1,58.9584053972058
positive,blue,1,k,None,NaN,NaN,NaN,NaN,NaN,NaN,NaN,NaN,0,147,147,147,NaN,,NaN,,,NaN,NaN,,NaN,,NaN,,NaN,,NaN,,main,None,None,1,1.5023054999765,529.549339599907,None,None,1,NaN,,NaN,,NaN,NaN,NaN,NaN,NaN,NaN,,NaN,NaN,609,2023-11-01_10h21.47.976,Main,2022.1.1,58.9584053972058
positive,yellow,1,None,k,NaN,NaN,NaN,NaN,NaN,NaN,NaN,NaN,0,148,148,148,NaN,,NaN,,,NaN,NaN,,NaN,,NaN,,NaN,,NaN,,main,k,k,1,0.832942700013518,532.04961119988,None,None,0,NaN,,NaN,,NaN,NaN,NaN,NaN,NaN,NaN,,NaN,NaN,609,2023-11-01_10h21.47.976,Main,2022.1.1,58.9584053972058
negative,red,2,None,None,NaN,NaN,NaN,NaN,NaN,NaN,NaN,NaN,0,149,149,149,NaN,,NaN,,,NaN,NaN,,NaN,,NaN,,NaN,,NaN,,main,None,None,1,1.49541889992543,533.885865399847,None,None,1,NaN,,NaN,,NaN,NaN,NaN,NaN,NaN,NaN,,NaN,NaN,609,2023-11-01_10h21.47.976,Main,2022.1.1,58.9584053972058
negative,blue,1,None,k,NaN,NaN,NaN,NaN,NaN,NaN,NaN,NaN,0,150,150,150,NaN,,NaN,,,NaN,NaN,,NaN,,NaN,,NaN,,NaN,,main,k,k,1,0.86610269988887,536.382472599857,None,None,0,NaN,,NaN,,NaN,NaN,NaN,NaN,NaN,NaN,,NaN,NaN,609,2023-11-01_10h21.47.976,Main,2022.1.1,58.9584053972058
negative,yellow,2,k,None,NaN,NaN,NaN,NaN,NaN,NaN,NaN,NaN,0,151,151,151,NaN,,NaN,,,NaN,NaN,,NaN,,NaN,,NaN,,NaN,,main,None,None,1,1.50217809993774,538.249129700009,None,None,1,NaN,,NaN,,NaN,NaN,NaN,NaN,NaN,NaN,,NaN,NaN,609,2023-11-01_10h21.47.976,Main,2022.1.1,58.9584053972058
negative,blue,2,None,k,NaN,NaN,NaN,NaN,NaN,NaN,NaN,NaN,0,152,152,152,NaN,,NaN,,,NaN,NaN,,NaN,,NaN,,NaN,,NaN,,main,k,k,1,0.849727000109851,540.75238589989,None,None,0,NaN,,NaN,,NaN,NaN,NaN,NaN,NaN,NaN,,NaN,NaN,609,2023-11-01_10h21.47.976,Main,2022.1.1,58.9584053972058
negative,yellow,1,k,None,NaN,NaN,NaN,NaN,NaN,NaN,NaN,NaN,0,153,153,153,NaN,,NaN,,,NaN,NaN,,NaN,,NaN,,NaN,,NaN,,main,None,None,1,1.49566230014898,542.602285200031,None,None,1,NaN,,NaN,,NaN,NaN,NaN,NaN,NaN,NaN,,NaN,NaN,609,2023-11-01_10h21.47.976,Main,2022.1.1,58.9584053972058
negative,blue,1,None,k,NaN,NaN,NaN,NaN,NaN,NaN,NaN,NaN,0,154,154,154,NaN,,NaN,,,NaN,NaN,,NaN,,NaN,,NaN,,NaN,,main,k,k,1,0.850227100076154,545.102156099863,None,None,0,NaN,,NaN,,NaN,NaN,NaN,NaN,NaN,NaN,,NaN,NaN,609,2023-11-01_10h21.47.976,Main,2022.1.1,58.9584053972058
positive,yellow,2,None,k,NaN,NaN,NaN,NaN,NaN,NaN,NaN,NaN,0,155,155,155,NaN,,NaN,,,NaN,NaN,,NaN,,NaN,,NaN,,NaN,,main,k,k,1,0.681411700090393,546.949181899894,None,None,0,NaN,,NaN,,NaN,NaN,NaN,NaN,NaN,NaN,,NaN,NaN,609,2023-11-01_10h21.47.976,Main,2022.1.1,58.9584053972058
positive,red,2,None,None,NaN,NaN,NaN,NaN,NaN,NaN,NaN,NaN,0,156,156,156,NaN,,NaN,,,NaN,NaN,,NaN,,NaN,,NaN,,NaN,,main,None,None,1,1.50172749999911,548.635373899946,None,None,1,NaN,,NaN,,NaN,NaN,NaN,NaN,NaN,NaN,,NaN,NaN,609,2023-11-01_10h21.47.976,Main,2022.1.1,58.9584053972058
positive,red,1,None,None,NaN,NaN,NaN,NaN,NaN,NaN,NaN,NaN,0,157,157,157,NaN,,NaN,,,NaN,NaN,,NaN,,NaN,,NaN,,NaN,,main,None,None,1,1.4990135000553,551.132455299841,None,None,1,NaN,,NaN,,NaN,NaN,NaN,NaN,NaN,NaN,,NaN,NaN,609,2023-11-01_10h21.47.976,Main,2022.1.1,58.9584053972058
positive,blue,2,k,None,NaN,NaN,NaN,NaN,NaN,NaN,NaN,NaN,0,158,158,158,NaN,,NaN,,,NaN,NaN,,NaN,,NaN,,NaN,,NaN,,main,None,None,1,1.4993820998352,553.632436299929,None,None,1,NaN,,NaN,,NaN,NaN,NaN,NaN,NaN,NaN,,NaN,NaN,609,2023-11-01_10h21.47.976,Main,2022.1.1,58.9584053972058
negative,yellow,1,k,None,NaN,NaN,NaN,NaN,NaN,NaN,NaN,NaN,0,159,159,159,NaN,,NaN,,,NaN,NaN,,NaN,,NaN,,NaN,,NaN,,main,None,None,1,1.49566749995574,556.135245600017,None,None,1,NaN,,NaN,,NaN,NaN,NaN,NaN,NaN,NaN,,NaN,NaN,609,2023-11-01_10h21.47.976,Main,2022.1.1,58.9584053972058
negative,red,2,None,None,NaN,NaN,NaN,NaN,NaN,NaN,NaN,NaN,0,160,160,160,NaN,,NaN,,,NaN,NaN,,NaN,,NaN,,NaN,,NaN,,main,None,None,1,1.50238579977304,558.632004600018,None,None,1,NaN,,NaN,,NaN,NaN,NaN,NaN,NaN,NaN,,NaN,NaN,609,2023-11-01_10h21.47.976,Main,2022.1.1,58.9584053972058
negative,blue,1,None,k,NaN,NaN,NaN,NaN,NaN,NaN,NaN,NaN,0,161,161,161,NaN,,NaN,,,NaN,NaN,,NaN,,NaN,,NaN,,NaN,,main,k,k,1,0.866160000208765,561.135266799945,None,None,0,NaN,,NaN,,NaN,NaN,NaN,NaN,NaN,NaN,,NaN,NaN,609,2023-11-01_10h21.47.976,Main,2022.1.1,58.9584053972058
negative,blue,1,None,k,NaN,NaN,NaN,NaN,NaN,NaN,NaN,NaN,0,162,162,162,NaN,,NaN,,,NaN,NaN,,NaN,,NaN,,NaN,,NaN,,main,k,k,1,0.599215399939567,563.001792999916,None,None,0,NaN,,NaN,,NaN,NaN,NaN,NaN,NaN,NaN,,NaN,NaN,609,2023-11-01_10h21.47.976,Main,2022.1.1,58.9584053972058
negative,yellow,1,k,None,NaN,NaN,NaN,NaN,NaN,NaN,NaN,NaN,0,163,163,163,NaN,,NaN,,,NaN,NaN,,NaN,,NaN,,NaN,,NaN,,main,None,None,1,1.4986624000594,564.598960099975,None,None,1,NaN,,NaN,,NaN,NaN,NaN,NaN,NaN,NaN,,NaN,NaN,609,2023-11-01_10h21.47.976,Main,2022.1.1,58.9584053972058
negative,yellow,1,k,None,NaN,NaN,NaN,NaN,NaN,NaN,NaN,NaN,0,164,164,164,NaN,,NaN,,,NaN,NaN,,NaN,,NaN,,NaN,,NaN,,main,None,None,1,1.49594849999994,567.101708699949,None,None,1,NaN,,NaN,,NaN,NaN,NaN,NaN,NaN,NaN,,NaN,NaN,609,2023-11-01_10h21.47.976,Main,2022.1.1,58.9584053972058
positive,yellow,1,None,k,NaN,NaN,NaN,NaN,NaN,NaN,NaN,NaN,0,165,165,165,NaN,,NaN,,,NaN,NaN,,NaN,,NaN,,NaN,,NaN,,main,k,k,1,0.619359400123358,569.59851219994,None,None,0,NaN,,NaN,,NaN,NaN,NaN,NaN,NaN,NaN,,NaN,NaN,609,2023-11-01_10h21.47.976,Main,2022.1.1,58.9584053972058
negative,red,1,None,None,NaN,NaN,NaN,NaN,NaN,NaN,NaN,NaN,0,166,166,166,NaN,,NaN,,,NaN,NaN,,NaN,,NaN,,NaN,,NaN,,main,None,None,1,1.49871740001254,571.218375300057,None,None,1,NaN,,NaN,,NaN,NaN,NaN,NaN,NaN,NaN,,NaN,NaN,609,2023-11-01_10h21.47.976,Main,2022.1.1,58.9584053972058
negative,yellow,2,k,None,NaN,NaN,NaN,NaN,NaN,NaN,NaN,NaN,0,167,167,167,NaN,,NaN,,,NaN,NaN,,NaN,,NaN,,NaN,,NaN,,main,None,None,1,1.49921939987689,573.718356000027,None,None,1,NaN,,NaN,,NaN,NaN,NaN,NaN,NaN,NaN,,NaN,NaN,609,2023-11-01_10h21.47.976,Main,2022.1.1,58.9584053972058
positive,blue,2,k,None,NaN,NaN,NaN,NaN,NaN,NaN,NaN,NaN,0,168,168,168,NaN,,NaN,,,NaN,NaN,,NaN,,NaN,,NaN,,NaN,,main,None,None,1,1.49589389981702,576.218201299896,None,None,1,NaN,,NaN,,NaN,NaN,NaN,NaN,NaN,NaN,,NaN,NaN,609,2023-11-01_10h21.47.976,Main,2022.1.1,58.9584053972058
positive,red,2,None,None,NaN,NaN,NaN,NaN,NaN,NaN,NaN,NaN,0,169,169,169,NaN,,NaN,,,NaN,NaN,,NaN,,NaN,,NaN,,NaN,,main,None,None,1,1.50236379983835,578.714995000046,None,None,1,NaN,,NaN,,NaN,NaN,NaN,NaN,NaN,NaN,,NaN,NaN,609,2023-11-01_10h21.47.976,Main,2022.1.1,58.9584053972058
positive,red,1,None,None,NaN,NaN,NaN,NaN,NaN,NaN,NaN,NaN,0,170,170,170,NaN,,NaN,,,NaN,NaN,,NaN,,NaN,,NaN,,NaN,,main,None,None,1,1.49628100008704,581.218234200031,None,None,1,NaN,,NaN,,NaN,NaN,NaN,NaN,NaN,NaN,,NaN,NaN,609,2023-11-01_10h21.47.976,Main,2022.1.1,58.9584053972058
negative,blue,2,None,k,NaN,NaN,NaN,NaN,NaN,NaN,NaN,NaN,0,171,171,171,NaN,,NaN,,,NaN,NaN,,NaN,,NaN,,NaN,,NaN,,main,k,k,1,0.735042699845508,583.718146199826,None,None,0,NaN,,NaN,,NaN,NaN,NaN,NaN,NaN,NaN,,NaN,NaN,609,2023-11-01_10h21.47.976,Main,2022.1.1,58.9584053972058
positive,blue,2,k,None,NaN,NaN,NaN,NaN,NaN,NaN,NaN,NaN,0,172,172,172,NaN,,NaN,,,NaN,NaN,,NaN,,NaN,,NaN,,NaN,,main,None,None,1,1.49577259994112,585.451333699981,None,None,1,NaN,,NaN,,NaN,NaN,NaN,NaN,NaN,NaN,,NaN,NaN,609,2023-11-01_10h21.47.976,Main,2022.1.1,58.9584053972058
negative,yellow,2,k,None,NaN,NaN,NaN,NaN,NaN,NaN,NaN,NaN,0,173,173,173,NaN,,NaN,,,NaN,NaN,,NaN,,NaN,,NaN,,NaN,,main,None,None,1,1.50237930007279,587.948124799877,None,None,1,NaN,,NaN,,NaN,NaN,NaN,NaN,NaN,NaN,,NaN,NaN,609,2023-11-01_10h21.47.976,Main,2022.1.1,58.9584053972058
positive,yellow,2,None,k,NaN,NaN,NaN,NaN,NaN,NaN,NaN,NaN,0,174,174,174,NaN,,NaN,,,NaN,NaN,,NaN,,NaN,,NaN,,NaN,,main,k,k,1,0.713213700102642,590.451308199903,None,None,0,NaN,,NaN,,NaN,NaN,NaN,NaN,NaN,NaN,,NaN,NaN,609,2023-11-01_10h21.47.976,Main,2022.1.1,58.9584053972058
negative,blue,2,None,k,NaN,NaN,NaN,NaN,NaN,NaN,NaN,NaN,0,175,175,175,NaN,,NaN,,,NaN,NaN,,NaN,,NaN,,NaN,,NaN,,main,k,k,1,0.702022300101817,592.167967899935,None,None,0,NaN,,NaN,,NaN,NaN,NaN,NaN,NaN,NaN,,NaN,NaN,609,2023-11-01_10h21.47.976,Main,2022.1.1,58.9584053972058
positive,blue,1,k,None,NaN,NaN,NaN,NaN,NaN,NaN,NaN,NaN,0,176,176,176,NaN,,NaN,,,NaN,NaN,,NaN,,NaN,,NaN,,NaN,,main,None,None,1,1.49857680010609,593.867990399944,None,None,1,NaN,,NaN,,NaN,NaN,NaN,NaN,NaN,NaN,,NaN,NaN,609,2023-11-01_10h21.47.976,Main,2022.1.1,58.9584053972058
positive,yellow,1,None,k,NaN,NaN,NaN,NaN,NaN,NaN,NaN,NaN,0,177,177,177,NaN,,NaN,,,NaN,NaN,,NaN,,NaN,,NaN,,NaN,,main,k,k,1,0.996388299856335,596.364821099909,None,None,0,NaN,,NaN,,NaN,NaN,NaN,NaN,NaN,NaN,,NaN,NaN,609,2023-11-01_10h21.47.976,Main,2022.1.1,58.9584053972058
positive,blue,1,k,None,NaN,NaN,NaN,NaN,NaN,NaN,NaN,NaN,0,178,178,178,NaN,,NaN,,,NaN,NaN,,NaN,,NaN,,NaN,,NaN,,main,None,None,1,1.5018257999327,598.364806999918,None,None,1,NaN,,NaN,,NaN,NaN,NaN,NaN,NaN,NaN,,NaN,NaN,609,2023-11-01_10h21.47.976,Main,2022.1.1,58.9584053972058
positive,yellow,2,None,k,NaN,NaN,NaN,NaN,NaN,NaN,NaN,NaN,0,179,179,179,NaN,,NaN,,,NaN,NaN,,NaN,,NaN,,NaN,,NaN,,main,k,k,1,0.646394500043243,600.867647100007,None,None,0,NaN,,NaN,,NaN,NaN,NaN,NaN,NaN,NaN,,NaN,NaN,609,2023-11-01_10h21.47.976,Main,2022.1.1,58.9584053972058
positive,blue,1,k,None,NaN,NaN,NaN,NaN,NaN,NaN,NaN,NaN,0,180,180,180,NaN,,NaN,,,NaN,NaN,,NaN,,NaN,,NaN,,NaN,,main,None,None,1,1.50189030007459,602.51767709991,None,None,1,NaN,,NaN,,NaN,NaN,NaN,NaN,NaN,NaN,,NaN,NaN,609,2023-11-01_10h21.47.976,Main,2022.1.1,58.9584053972058
negative,red,1,None,None,NaN,NaN,NaN,NaN,NaN,NaN,NaN,NaN,0,181,181,181,NaN,,NaN,,,NaN,NaN,,NaN,,NaN,,NaN,,NaN,,main,None,None,1,1.49887350015342,605.014708899893,None,None,1,NaN,,NaN,,NaN,NaN,NaN,NaN,NaN,NaN,,NaN,NaN,609,2023-11-01_10h21.47.976,Main,2022.1.1,58.9584053972058
negative,blue,1,None,k,NaN,NaN,NaN,NaN,NaN,NaN,NaN,NaN,0,182,182,182,NaN,,NaN,,,NaN,NaN,,NaN,,NaN,,NaN,,NaN,,main,k,k,1,0.747049600118771,607.514653699938,None,None,0,NaN,,NaN,,NaN,NaN,NaN,NaN,NaN,NaN,,NaN,NaN,609,2023-11-01_10h21.47.976,Main,2022.1.1,58.9584053972058
negative,yellow,2,k,None,NaN,NaN,NaN,NaN,NaN,NaN,NaN,NaN,0,183,183,183,NaN,,NaN,,,NaN,NaN,,NaN,,NaN,,NaN,,NaN,,main,None,None,1,1.50140309985727,609.264315800043,None,None,1,NaN,,NaN,,NaN,NaN,NaN,NaN,NaN,NaN,,NaN,NaN,609,2023-11-01_10h21.47.976,Main,2022.1.1,58.9584053972058
positive,yellow,2,None,k,NaN,NaN,NaN,NaN,NaN,NaN,NaN,NaN,0,184,184,184,NaN,,NaN,,,NaN,NaN,,NaN,,NaN,,NaN,,NaN,,main,k,k,1,0.732592599932104,611.764629699988,None,None,0,NaN,,NaN,,NaN,NaN,NaN,NaN,NaN,NaN,,NaN,NaN,609,2023-11-01_10h21.47.976,Main,2022.1.1,58.9584053972058
positive,yellow,1,None,k,NaN,NaN,NaN,NaN,NaN,NaN,NaN,NaN,0,185,185,185,NaN,,NaN,,,NaN,NaN,,NaN,,NaN,,NaN,,NaN,,main,k,k,1,0.596460100030527,613.500742099946,None,None,0,NaN,,NaN,,NaN,NaN,NaN,NaN,NaN,NaN,,NaN,NaN,609,2023-11-01_10h21.47.976,Main,2022.1.1,58.9584053972058
positive,red,2,None,None,NaN,NaN,NaN,NaN,NaN,NaN,NaN,NaN,0,186,186,186,NaN,,NaN,,,NaN,NaN,,NaN,,NaN,,NaN,,NaN,,main,None,None,1,1.50138049991801,615.100726899924,None,None,1,NaN,,NaN,,NaN,NaN,NaN,NaN,NaN,NaN,,NaN,NaN,609,2023-11-01_10h21.47.976,Main,2022.1.1,58.9584053972058
positive,blue,1,k,None,NaN,NaN,NaN,NaN,NaN,NaN,NaN,NaN,0,187,187,187,NaN,,NaN,,,NaN,NaN,,NaN,,NaN,,NaN,,NaN,,main,None,None,1,1.4964359998703,617.597701800056,None,None,1,NaN,,NaN,,NaN,NaN,NaN,NaN,NaN,NaN,,NaN,NaN,609,2023-11-01_10h21.47.976,Main,2022.1.1,58.9584053972058
negative,yellow,1,k,None,NaN,NaN,NaN,NaN,NaN,NaN,NaN,NaN,0,188,188,188,NaN,,NaN,,,NaN,NaN,,NaN,,NaN,,NaN,,NaN,,main,None,None,1,1.50207379995845,620.097701499937,None,None,1,NaN,,NaN,,NaN,NaN,NaN,NaN,NaN,NaN,,NaN,NaN,609,2023-11-01_10h21.47.976,Main,2022.1.1,58.9584053972058
positive,yellow,2,None,k,NaN,NaN,NaN,NaN,NaN,NaN,NaN,NaN,0,189,189,189,NaN,,NaN,,,NaN,NaN,,NaN,,NaN,,NaN,,NaN,,main,k,k,1,0.596523199928924,622.600478699896,None,None,0,NaN,,NaN,,NaN,NaN,NaN,NaN,NaN,NaN,,NaN,NaN,609,2023-11-01_10h21.47.976,Main,2022.1.1,58.9584053972058
negative,yellow,2,k,None,NaN,NaN,NaN,NaN,NaN,NaN,NaN,NaN,0,190,190,190,NaN,,NaN,,,NaN,NaN,,NaN,,NaN,,NaN,,NaN,,main,None,None,1,1.50135989999399,624.197624299908,None,None,1,NaN,,NaN,,NaN,NaN,NaN,NaN,NaN,NaN,,NaN,NaN,609,2023-11-01_10h21.47.976,Main,2022.1.1,58.9584053972058
negative,yellow,1,k,None,NaN,NaN,NaN,NaN,NaN,NaN,NaN,NaN,0,191,191,191,NaN,,NaN,,,NaN,NaN,,NaN,,NaN,,NaN,,NaN,,main,None,None,1,1.49592080013826,626.700615599984,None,None,1,NaN,,NaN,,NaN,NaN,NaN,NaN,NaN,NaN,,NaN,NaN,609,2023-11-01_10h21.47.976,Main,2022.1.1,58.9584053972058
positive,blue,2,k,None,NaN,NaN,NaN,NaN,NaN,NaN,NaN,NaN,0,192,192,192,NaN,,NaN,,,NaN,NaN,,NaN,,NaN,,NaN,,NaN,,main,None,None,1,1.5022940998897,629.197223299881,None,None,1,NaN,,NaN,,NaN,NaN,NaN,NaN,NaN,NaN,,NaN,NaN,609,2023-11-01_10h21.47.976,Main,2022.1.1,58.9584053972058
positive,yellow,1,None,k,NaN,NaN,NaN,NaN,NaN,NaN,NaN,NaN,0,193,193,193,NaN,,NaN,,,NaN,NaN,,NaN,,NaN,,NaN,,NaN,,main,k,k,1,0.716057100100443,631.69759529992,None,None,0,NaN,,NaN,,NaN,NaN,NaN,NaN,NaN,NaN,,NaN,NaN,609,2023-11-01_10h21.47.976,Main,2022.1.1,58.9584053972058
negative,red,2,None,None,NaN,NaN,NaN,NaN,NaN,NaN,NaN,NaN,0,194,194,194,NaN,,NaN,,,NaN,NaN,,NaN,,NaN,,NaN,,NaN,,main,None,None,1,1.49883360019885,633.417072399985,None,None,1,NaN,,NaN,,NaN,NaN,NaN,NaN,NaN,NaN,,NaN,NaN,609,2023-11-01_10h21.47.976,Main,2022.1.1,58.9584053972058
positive,red,1,None,None,NaN,NaN,NaN,NaN,NaN,NaN,NaN,NaN,0,195,195,195,NaN,,NaN,,,NaN,NaN,,NaN,,NaN,,NaN,,NaN,,main,None,None,1,1.49895130004734,635.917123399908,None,None,1,NaN,,NaN,,NaN,NaN,NaN,NaN,NaN,NaN,,NaN,NaN,609,2023-11-01_10h21.47.976,Main,2022.1.1,58.9584053972058
negative,blue,1,None,k,NaN,NaN,NaN,NaN,NaN,NaN,NaN,NaN,0,196,196,196,NaN,,NaN,,,NaN,NaN,,NaN,,NaN,,NaN,,NaN,,main,k,k,1,0.963203800143674,638.413965999847,None,None,0,NaN,,NaN,,NaN,NaN,NaN,NaN,NaN,NaN,,NaN,NaN,609,2023-11-01_10h21.47.976,Main,2022.1.1,58.9584053972058
positive,blue,2,k,None,NaN,NaN,NaN,NaN,NaN,NaN,NaN,NaN,0,197,197,197,NaN,,NaN,,,NaN,NaN,,NaN,,NaN,,NaN,,NaN,,main,None,None,1,1.50164610007778,640.380581999896,None,None,1,NaN,,NaN,,NaN,NaN,NaN,NaN,NaN,NaN,,NaN,NaN,609,2023-11-01_10h21.47.976,Main,2022.1.1,58.9584053972058
negative,blue,2,None,k,NaN,NaN,NaN,NaN,NaN,NaN,NaN,NaN,0,198,198,198,NaN,,NaN,,,NaN,NaN,,NaN,,NaN,,NaN,,NaN,,main,k,k,1,0.613395000109449,642.880685899872,None,None,0,NaN,,NaN,,NaN,NaN,NaN,NaN,NaN,NaN,,NaN,NaN,609,2023-11-01_10h21.47.976,Main,2022.1.1,58.9584053972058
negative,blue,2,None,k,NaN,NaN,NaN,NaN,NaN,NaN,NaN,NaN,0,199,199,199,NaN,,NaN,,,NaN,NaN,,NaN,,NaN,,NaN,,NaN,,main,k,k,1,0.632353400113061,644.497192699928,None,None,0,NaN,,NaN,,NaN,NaN,NaN,NaN,NaN,NaN,,NaN,NaN,609,2023-11-01_10h21.47.976,Main,2022.1.1,58.9584053972058
positive,blue,2,k,None,NaN,NaN,NaN,NaN,NaN,NaN,NaN,NaN,0,200,200,200,NaN,,NaN,,,NaN,NaN,,NaN,,NaN,,NaN,,NaN,,main,None,None,1,1.50186070008203,646.133425799897,None,None,1,NaN,,NaN,,NaN,NaN,NaN,NaN,NaN,NaN,,NaN,NaN,609,2023-11-01_10h21.47.976,Main,2022.1.1,58.9584053972058
positive,blue,2,k,None,NaN,NaN,NaN,NaN,NaN,NaN,NaN,NaN,0,201,201,201,NaN,,NaN,,,NaN,NaN,,NaN,,NaN,,NaN,,NaN,,main,None,None,1,1.49567089998163,648.630507600028,None,None,1,NaN,,NaN,,NaN,NaN,NaN,NaN,NaN,NaN,,NaN,NaN,609,2023-11-01_10h21.47.976,Main,2022.1.1,58.9584053972058
negative,yellow,2,k,None,NaN,NaN,NaN,NaN,NaN,NaN,NaN,NaN,0,202,202,202,NaN,,NaN,,,NaN,NaN,,NaN,,NaN,,NaN,,NaN,,main,None,None,1,1.50237499992363,651.130115699954,None,None,1,NaN,,NaN,,NaN,NaN,NaN,NaN,NaN,NaN,,NaN,NaN,609,2023-11-01_10h21.47.976,Main,2022.1.1,58.9584053972058
positive,red,1,None,None,NaN,NaN,NaN,NaN,NaN,NaN,NaN,NaN,0,203,203,203,NaN,,NaN,,,NaN,NaN,,NaN,,NaN,,NaN,,NaN,,main,None,None,1,1.49632070004009,653.633317,None,None,1,NaN,,NaN,,NaN,NaN,NaN,NaN,NaN,NaN,,NaN,NaN,609,2023-11-01_10h21.47.976,Main,2022.1.1,58.9584053972058
negative,blue,2,None,k,NaN,NaN,NaN,NaN,NaN,NaN,NaN,NaN,0,204,204,204,NaN,,NaN,,,NaN,NaN,,NaN,,NaN,,NaN,,NaN,,main,k,k,1,0.789860399905592,656.13039429998,None,None,0,NaN,,NaN,,NaN,NaN,NaN,NaN,NaN,NaN,,NaN,NaN,609,2023-11-01_10h21.47.976,Main,2022.1.1,58.9584053972058
negative,red,1,None,None,NaN,NaN,NaN,NaN,NaN,NaN,NaN,NaN,0,205,205,205,NaN,,NaN,,,NaN,NaN,,NaN,,NaN,,NaN,,NaN,,main,None,None,1,1.49138360004872,657.926029999973,None,None,1,NaN,,NaN,,NaN,NaN,NaN,NaN,NaN,NaN,,NaN,NaN,609,2023-11-01_10h21.47.976,Main,2022.1.1,58.9584053972058
negative,blue,2,None,k,NaN,NaN,NaN,NaN,NaN,NaN,NaN,NaN,0,206,206,206,NaN,,NaN,,,NaN,NaN,,NaN,,NaN,,NaN,,NaN,,main,k,k,1,0.702545800013468,660.413294399856,None,None,0,NaN,,NaN,,NaN,NaN,NaN,NaN,NaN,NaN,,NaN,NaN,609,2023-11-01_10h21.47.976,Main,2022.1.1,58.9584053972058
negative,yellow,2,k,None,NaN,NaN,NaN,NaN,NaN,NaN,NaN,NaN,0,207,207,207,NaN,,NaN,,,NaN,NaN,,NaN,,NaN,,NaN,,NaN,,main,None,None,1,1.49886219995096,662.113596499898,None,None,1,NaN,,NaN,,NaN,NaN,NaN,NaN,NaN,NaN,,NaN,NaN,609,2023-11-01_10h21.47.976,Main,2022.1.1,58.9584053972058
positive,yellow,2,None,k,NaN,NaN,NaN,NaN,NaN,NaN,NaN,NaN,0,208,208,208,NaN,,NaN,,,NaN,NaN,,NaN,,NaN,,NaN,,NaN,,main,k,k,1,0.599423400126398,664.616415799828,None,None,0,NaN,,NaN,,NaN,NaN,NaN,NaN,NaN,NaN,,NaN,NaN,609,2023-11-01_10h21.47.976,Main,2022.1.1,58.9584053972058
negative,yellow,1,k,None,NaN,NaN,NaN,NaN,NaN,NaN,NaN,NaN,0,209,209,209,NaN,,NaN,,,NaN,NaN,,NaN,,NaN,,NaN,,NaN,,main,None,None,1,1.49574559996836,666.213528000051,None,None,1,NaN,,NaN,,NaN,NaN,NaN,NaN,NaN,NaN,,NaN,NaN,609,2023-11-01_10h21.47.976,Main,2022.1.1,58.9584053972058
negative,red,2,None,None,NaN,NaN,NaN,NaN,NaN,NaN,NaN,NaN,0,210,210,210,NaN,,NaN,,,NaN,NaN,,NaN,,NaN,,NaN,,NaN,,main,None,None,1,1.50177510012873,668.713376399828,None,None,1,NaN,,NaN,,NaN,NaN,NaN,NaN,NaN,NaN,,NaN,NaN,609,2023-11-01_10h21.47.976,Main,2022.1.1,58.9584053972058
negative,blue,1,None,k,NaN,NaN,NaN,NaN,NaN,NaN,NaN,NaN,0,211,211,211,NaN,,NaN,,,NaN,NaN,,NaN,,NaN,,NaN,,NaN,,main,k,k,1,0.679966800147668,671.213277800009,None,None,0,NaN,,NaN,,NaN,NaN,NaN,NaN,NaN,NaN,,NaN,NaN,609,2023-11-01_10h21.47.976,Main,2022.1.1,58.9584053972058
negative,yellow,1,k,None,NaN,NaN,NaN,NaN,NaN,NaN,NaN,NaN,0,212,212,212,NaN,,NaN,,,NaN,NaN,,NaN,,NaN,,NaN,,NaN,,main,None,None,1,1.50151620013639,672.896611699834,None,None,1,NaN,,NaN,,NaN,NaN,NaN,NaN,NaN,NaN,,NaN,NaN,609,2023-11-01_10h21.47.976,Main,2022.1.1,58.9584053972058
positive,blue,1,k,None,NaN,NaN,NaN,NaN,NaN,NaN,NaN,NaN,0,213,213,213,NaN,,NaN,,,NaN,NaN,,NaN,,NaN,,NaN,,NaN,,main,None,None,1,1.49915259983391,675.396561499918,None,None,1,NaN,,NaN,,NaN,NaN,NaN,NaN,NaN,NaN,,NaN,NaN,609,2023-11-01_10h21.47.976,Main,2022.1.1,58.9584053972058
positive,blue,1,k,None,NaN,NaN,NaN,NaN,NaN,NaN,NaN,NaN,0,214,214,214,NaN,,NaN,,,NaN,NaN,,NaN,,NaN,,NaN,,NaN,,main,None,None,1,1.49904309981503,677.899514700053,None,None,1,NaN,,NaN,,NaN,NaN,NaN,NaN,NaN,NaN,,NaN,NaN,609,2023-11-01_10h21.47.976,Main,2022.1.1,58.9584053972058
positive,yellow,1,None,k,NaN,NaN,NaN,NaN,NaN,NaN,NaN,NaN,0,215,215,215,NaN,,NaN,,,NaN,NaN,,NaN,,NaN,,NaN,,NaN,,main,k,k,1,0.680858500069007,680.396588400006,None,None,0,NaN,,NaN,,NaN,NaN,NaN,NaN,NaN,NaN,,NaN,NaN,609,2023-11-01_10h21.47.976,Main,2022.1.1,58.9584053972058
positive,yellow,1,None,k,NaN,NaN,NaN,NaN,NaN,NaN,NaN,NaN,0,216,216,216,NaN,,NaN,,,NaN,NaN,,NaN,,NaN,,NaN,,NaN,,main,k,k,1,0.667676199926063,682.079455599887,None,None,0,NaN,,NaN,,NaN,NaN,NaN,NaN,NaN,NaN,,NaN,NaN,609,2023-11-01_10h21.47.976,Main,2022.1.1,58.9584053972058
positive,yellow,2,None,k,NaN,NaN,NaN,NaN,NaN,NaN,NaN,NaN,0,217,217,217,NaN,,NaN,,,NaN,NaN,,NaN,,NaN,,NaN,,NaN,,main,k,k,1,0.682679199846461,683.74938059994,None,None,0,NaN,,NaN,,NaN,NaN,NaN,NaN,NaN,NaN,,NaN,NaN,609,2023-11-01_10h21.47.976,Main,2022.1.1,58.9584053972058
negative,blue,1,None,k,NaN,NaN,NaN,NaN,NaN,NaN,NaN,NaN,0,218,218,218,NaN,,NaN,,,NaN,NaN,,NaN,,NaN,,NaN,,NaN,,main,k,k,1,0.615551499882713,685.432577,None,None,0,NaN,,NaN,,NaN,NaN,NaN,NaN,NaN,NaN,,NaN,NaN,609,2023-11-01_10h21.47.976,Main,2022.1.1,58.9584053972058
positive,red,2,None,None,NaN,NaN,NaN,NaN,NaN,NaN,NaN,NaN,0,219,219,219,NaN,,NaN,,,NaN,NaN,,NaN,,NaN,,NaN,,NaN,,main,None,None,1,1.49874049983919,687.049267699942,None,None,1,NaN,,NaN,,NaN,NaN,NaN,NaN,NaN,NaN,,NaN,NaN,609,2023-11-01_10h21.47.976,Main,2022.1.1,58.9584053972058
positive,yellow,1,None,k,NaN,NaN,NaN,NaN,NaN,NaN,NaN,NaN,0,220,220,220,NaN,,NaN,,,NaN,NaN,,NaN,,NaN,,NaN,,NaN,,main,k,k,1,0.64630759996362,689.546280999901,None,None,0,NaN,,NaN,,NaN,NaN,NaN,NaN,NaN,NaN,,NaN,NaN,609,2023-11-01_10h21.47.976,Main,2022.1.1,58.9584053972058
positive,blue,1,k,None,NaN,NaN,NaN,NaN,NaN,NaN,NaN,NaN,0,221,221,221,NaN,,NaN,,,NaN,NaN,,NaN,,NaN,,NaN,,NaN,,main,None,k,0,0.668819400016218,691.196162699955,None,None,1,NaN,,NaN,,NaN,NaN,NaN,NaN,NaN,NaN,,NaN,NaN,609,2023-11-01_10h21.47.976,Main,2022.1.1,58.9584053972058
positive,yellow,2,None,k,NaN,NaN,NaN,NaN,NaN,NaN,NaN,NaN,0,222,222,222,NaN,,NaN,,,NaN,NaN,,NaN,,NaN,,NaN,,NaN,,main,k,k,1,0.751480000093579,693.865686599864,None,None,0,NaN,,NaN,,NaN,NaN,NaN,NaN,NaN,NaN,,NaN,NaN,609,2023-11-01_10h21.47.976,Main,2022.1.1,58.9584053972058
negative,yellow,1,k,None,NaN,NaN,NaN,NaN,NaN,NaN,NaN,NaN,0,223,223,223,NaN,,NaN,,,NaN,NaN,,NaN,,NaN,,NaN,,NaN,,main,None,None,1,1.49856500001624,695.615695399931,None,None,1,NaN,,NaN,,NaN,NaN,NaN,NaN,NaN,NaN,,NaN,NaN,609,2023-11-01_10h21.47.976,Main,2022.1.1,58.9584053972058
positive,yellow,2,None,k,NaN,NaN,NaN,NaN,NaN,NaN,NaN,NaN,0,224,224,224,NaN,,NaN,,,NaN,NaN,,NaN,,NaN,,NaN,,NaN,,main,k,k,1,0.646318899933249,698.115674499888,None,None,0,NaN,,NaN,,NaN,NaN,NaN,NaN,NaN,NaN,,NaN,NaN,609,2023-11-01_10h21.47.976,Main,2022.1.1,58.9584053972058
negative,yellow,2,k,None,NaN,NaN,NaN,NaN,NaN,NaN,NaN,NaN,0,225,225,225,NaN,,NaN,,,NaN,NaN,,NaN,,NaN,,NaN,,NaN,,main,None,None,1,1.50177389988676,699.765545999864,None,None,1,NaN,,NaN,,NaN,NaN,NaN,NaN,NaN,NaN,,NaN,NaN,609,2023-11-01_10h21.47.976,Main,2022.1.1,58.9584053972058
negative,blue,2,None,k,NaN,NaN,NaN,NaN,NaN,NaN,NaN,NaN,0,226,226,226,NaN,,NaN,,,NaN,NaN,,NaN,,NaN,,NaN,,NaN,,main,k,k,1,0.779641100205481,702.265613799915,None,None,0,NaN,,NaN,,NaN,NaN,NaN,NaN,NaN,NaN,,NaN,NaN,609,2023-11-01_10h21.47.976,Main,2022.1.1,58.9584053972058
positive,red,2,None,None,NaN,NaN,NaN,NaN,NaN,NaN,NaN,NaN,0,227,227,227,NaN,,NaN,,,NaN,NaN,,NaN,,NaN,,NaN,,NaN,,main,None,None,1,1.50225649983622,704.045668999897,None,None,1,NaN,,NaN,,NaN,NaN,NaN,NaN,NaN,NaN,,NaN,NaN,609,2023-11-01_10h21.47.976,Main,2022.1.1,58.9584053972058
positive,blue,2,k,None,NaN,NaN,NaN,NaN,NaN,NaN,NaN,NaN,0,228,228,228,NaN,,NaN,,,NaN,NaN,,NaN,,NaN,,NaN,,NaN,,main,None,None,1,1.49916140013374,706.54898620001,None,None,1,NaN,,NaN,,NaN,NaN,NaN,NaN,NaN,NaN,,NaN,NaN,609,2023-11-01_10h21.47.976,Main,2022.1.1,58.9584053972058
negative,blue,1,None,k,NaN,NaN,NaN,NaN,NaN,NaN,NaN,NaN,0,229,229,229,NaN,,NaN,,,NaN,NaN,,NaN,,NaN,,NaN,,NaN,,main,k,k,1,0.696499299956486,709.045935299946,None,None,0,NaN,,NaN,,NaN,NaN,NaN,NaN,NaN,NaN,,NaN,NaN,609,2023-11-01_10h21.47.976,Main,2022.1.1,58.9584053972058
positive,yellow,1,None,k,NaN,NaN,NaN,NaN,NaN,NaN,NaN,NaN,0,230,230,230,NaN,,NaN,,,NaN,NaN,,NaN,,NaN,,NaN,,NaN,,main,k,k,1,0.7150650001131,710.748822799884,None,None,0,NaN,,NaN,,NaN,NaN,NaN,NaN,NaN,NaN,,NaN,NaN,609,2023-11-01_10h21.47.976,Main,2022.1.1,58.9584053972058
negative,blue,2,None,k,NaN,NaN,NaN,NaN,NaN,NaN,NaN,NaN,0,231,231,231,NaN,,NaN,,,NaN,NaN,,NaN,,NaN,,NaN,,NaN,,main,k,k,1,0.76673679985106,712.462406199891,None,None,0,NaN,,NaN,,NaN,NaN,NaN,NaN,NaN,NaN,,NaN,NaN,609,2023-11-01_10h21.47.976,Main,2022.1.1,58.9584053972058
negative,red,1,None,None,NaN,NaN,NaN,NaN,NaN,NaN,NaN,NaN,0,232,232,232,NaN,,NaN,,,NaN,NaN,,NaN,,NaN,,NaN,,NaN,,main,None,None,1,1.49881259980612,714.229064299958,None,None,1,NaN,,NaN,,NaN,NaN,NaN,NaN,NaN,NaN,,NaN,NaN,609,2023-11-01_10h21.47.976,Main,2022.1.1,58.9584053972058
positive,blue,2,k,None,NaN,NaN,NaN,NaN,NaN,NaN,NaN,NaN,0,233,233,233,NaN,,NaN,,,NaN,NaN,,NaN,,NaN,,NaN,,NaN,,main,None,None,1,1.50183520000428,716.731979199918,None,None,1,NaN,,NaN,,NaN,NaN,NaN,NaN,NaN,NaN,,NaN,NaN,609,2023-11-01_10h21.47.976,Main,2022.1.1,58.9584053972058
negative,yellow,1,k,None,NaN,NaN,NaN,NaN,NaN,NaN,NaN,NaN,0,234,234,234,NaN,,NaN,,,NaN,NaN,,NaN,,NaN,,NaN,,NaN,,main,None,None,1,1.49923909991048,719.231898699887,None,None,1,NaN,,NaN,,NaN,NaN,NaN,NaN,NaN,NaN,,NaN,NaN,609,2023-11-01_10h21.47.976,Main,2022.1.1,58.9584053972058
negative,yellow,2,k,None,NaN,NaN,NaN,NaN,NaN,NaN,NaN,NaN,0,235,235,235,NaN,,NaN,,,NaN,NaN,,NaN,,NaN,,NaN,,NaN,,main,None,None,1,1.49917070008814,721.728948599892,None,None,1,NaN,,NaN,,NaN,NaN,NaN,NaN,NaN,NaN,,NaN,NaN,609,2023-11-01_10h21.47.976,Main,2022.1.1,58.9584053972058
positive,red,1,None,None,NaN,NaN,NaN,NaN,NaN,NaN,NaN,NaN,0,236,236,236,NaN,,NaN,,,NaN,NaN,,NaN,,NaN,,NaN,,NaN,,main,None,None,1,1.49576070019975,724.228937499924,None,None,1,NaN,,NaN,,NaN,NaN,NaN,NaN,NaN,NaN,,NaN,NaN,609,2023-11-01_10h21.47.976,Main,2022.1.1,58.9584053972058
negative,red,2,None,None,NaN,NaN,NaN,NaN,NaN,NaN,NaN,NaN,0,237,237,237,NaN,,NaN,,,NaN,NaN,,NaN,,NaN,,NaN,,NaN,,main,None,None,1,1.50236960011534,726.728597899899,None,None,1,NaN,,NaN,,NaN,NaN,NaN,NaN,NaN,NaN,,NaN,NaN,609,2023-11-01_10h21.47.976,Main,2022.1.1,58.9584053972058
negative,blue,1,None,k,NaN,NaN,NaN,NaN,NaN,NaN,NaN,NaN,0,238,238,238,NaN,,NaN,,,NaN,NaN,,NaN,,NaN,,NaN,,NaN,,main,k,k,1,0.682154499925673,729.228969200049,None,None,0,NaN,,NaN,,NaN,NaN,NaN,NaN,NaN,NaN,,NaN,NaN,609,2023-11-01_10h21.47.976,Main,2022.1.1,58.9584053972058
positive,blue,1,k,None,NaN,NaN,NaN,NaN,NaN,NaN,NaN,NaN,0,239,239,239,NaN,,NaN,,,NaN,NaN,,NaN,,NaN,,NaN,,NaN,,main,None,None,1,1.50280999997631,730.915083499858,None,None,1,NaN,,NaN,,NaN,NaN,NaN,NaN,NaN,NaN,,NaN,NaN,609,2023-11-01_10h21.47.976,Main,2022.1.1,58.9584053972058
,,NaN,,,NaN,NaN,NaN,NaN,NaN,NaN,NaN,NaN,NaN,NaN,NaN,NaN,NaN,,NaN,,,NaN,NaN,,NaN,,NaN,,NaN,,NaN,,,,,NaN,NaN,NaN,,,NaN,NaN,,NaN,,NaN,NaN,NaN,NaN,NaN,NaN,,733.419114799937,NaN,NaN,,,,NaN
